date,name_semicolon_delimited,killed,wounded,city,state,sources_semicolon_delimited
1/6/2016,"Andrew Joseph, Jonathan Alcegaire, Jamaal Smith, Tavares Mack",3,1,Lakeland,FL,http://www.abcactionnews.com/news/region-polk/polk-county-deputies-investigate-magnolia-street-shooting-in-combee-area-of-lakeland;http://bnonews.com/news/index.php/news/id3238
1/7/2016,Unknown,1,3,Memphis,TN,http://www.wmcactionnews5.com/story/30914037/multiple-people-shot-in-neighborhood;http://wreg.com/2016/01/08/memphis-teen-who-stopped-to-help-woman-with-car-trouble-killed-in-shooting/
1/8/2016,Unknown,1,4,Chicago (North Lawndale),IL,http://chicago.cbslocal.com/2016/01/08/five-wounded-in-lawndale-shooting-2/;http://chicago.suntimes.com/news/7/71/1238818/5-wounded-lawndale-shooting
1/8/2016,Unknown,0,4,Washington,DC,http://www.nbcwashington.com/news/local/Eastern-High-School-shooting-364716861.html;http://wtop.com/dc/2016/01/two-injured-in-shooting-near-eastern-senior-high-school/
1/11/2016,Unknown,1,4,Wilmington,DE,http://www.delawareonline.com/story/news/crime/2016/01/13/browntown-shooting-victim-named/78774604/;http://www.heraldcourier.com/news/killed-hurt-in-wilmington-shooting/article_f9b0e9a9-0f60-53a5-8f11-f0ba42f188e5.html
1/17/2016,Dijon Whitter,1,3,Ware Neck,VA,http://wtkr.com/2016/01/17/on-dead-three-wounded-in-gloucester-county-shooting/;http://www.13newsnow.com/story/news/2016/01/17/3-hospital-1-dead-after-shooting-gloucester-co/78929394/
1/19/2016,Unknown,0,4,Chicago (Bronzeville),IL,http://abc7chicago.com/news/3-teens-shot-in-bronzeville-near-49th-king-drive/1165572/;http://www.chicagotribune.com/news/local/breaking/ct-chicago-shooting-violence-20160119-story.html
1/21/2016,Lamont_Norris,2,2,Eufaula,OK,http://www.newson6.com/story/31022737/one-killed-during-eufaula-bank-robbery-authorities-say;http://www.theepochtimes.com/n3/1947370-eufaula-oklahoma-2-dead-after-bank-robbery-and-shootout/
1/23/2016,Jacob Langston,3,1,Crestview,FL,http://www.mypanhandle.com/news/three-killed-one-injured-in-crestview-shooting;http://www.crestviewbulletin.com/article/20160123/NEWS/160129575;http://weartv.com/triple-homicide-suspect-now-charged
1/23/2016,Michael_McCool,2,2,Pearl River Co.,MS,http://www.wlox.com/story/31040532/2-dead-2-wounded-after-shootout-at-gun-shop;http://www.sunherald.com/news/local/crime/article56305535.html;http://www.wdam.com/story/31043023/more-details-names-released-in-gun-shop-shooting
1/23/2016,Unknown,2,2,Los Angeles,CA,http://losangeles.cbslocal.com/2016/01/23/4-people-shot-at-least-1-dead-in-avalon/;http://www.nbclosangeles.com/news/local/Three-People-Reported-Shot-South-LA-366330951.html;http://ktla.com/2016/02/07/quadruple-shooting-leaves-1-dead-3-wounded-in-willowbrook-shooter-at-large/
1/25/2016,Unknown,1,4,Perris,CA,http://www.pe.com/articles/perris-792749-sheriff-business.html;http://patch.com/california/murrieta/one-killed-four-wounded-perris-shooting-0
1/26/2016,"James Taafulisia, Jerome j",2,3,Seattle,WA,http://www.chicagotribune.com/news/nationworld/ct-seattle-homeless-shooting-20160126-story.html;http://www.seattletimes.com/seattle-news/crime/active-shooter-in-seattles-sodo-district-near-i-5/
1/27/2016,Cameron Dooley,6,0,Chesapeake,VA,http://wavy.com/2016/01/27/police-activity-on-george-washington-highway-due-to-barricade-situation/;http://www.nbcbayarea.com/news/national-international/6-Family-Members-Dead-in-Apparent-Murder-Suicide-366831601.html
1/29/2016,Unknown,2,2,Caroline Co.,VA,http://wtvr.com/2016/01/30/caroline-domestic-shooting/;http://www.wvva.com/story/31097939/2-killed-2-injured-in-caroline-county-domestic-shooting
1/30/2016,Unknown,3,5,Glendale,AZ,http://www.nbcnews.com/news/us-news/three-killed-two-injured-arizona-house-party-shooting-n507681;http://www.fox10phoenix.com/news/arizona-news/83443954-story;http://www.abc15.com/news/region-west-valley/glendale/glendale-pd-three-killed-five-injured-in-house-party-shooting-police-searching-for-suspects
1/30/2016,Unknown,1,3,Denver,CO,http://www.cnn.com/2016/01/30/us/denver-coliseum-shooting-stabbing/;https://www.reddit.com/r/GunsAreCool/comments/43hcaw/1_person_killed_3_wounded_by_gunfire_at_denver/
1/31/2016,Richard Macklin,0,4,New Orleans,LA,http://bnonews.com/news/index.php/news/id3476;http://www.ksla.com/story/31102609/nopd-investigating-shooting-near-north-claiborne-and-esplanade-avenues
2/3/2016,Unknown,0,4,Washington,D.C.,http://wjla.com/news/crime/police-investigating-triple-shooting-in-southeast-dc;https://www.washingtonpost.com/local/mclean-man-arrested-in-connection-with-dc-burglaries/2016/02/03/3c00014c-caa1-11e5-88ff-e2d1b4289c2f_story.html
2/6/2016,Unknown,2,6,Tampa,FL,http://bnonews.com/news/index.php/news/id3572;http://www.nydailynews.com/news/national/reported-victims-tampa-strip-club-shooting-article-1.2522308;http://www.seattletimes.com/nation-world/police-2nd-victim-in-tampa-florida-club-shooting-dies/
2/6/2016,Unknown,1,3,Los Angeles,CA,http://abc7.com/news/suspect-at-large-following-deadly-la-quadruple-shooting/1190511/;http://ktla.com/2016/02/07/quadruple-shooting-leaves-1-dead-3-wounded-in-willowbrook-shooter-at-large/
2/6/2016,Unknown,0,4,Apopka,FL,http://www.wesh.com/news/4-injured-in-apopka-shooting/37855010;http://www.wftv.com/news/local/apopka-police-investigating-after-4-shooting-victims-check-in-to-hospital/64506732
2/6/2016,Dylan Westerburg,4,0,Uvalde,TX,http://www.lebanondailyrecord.com/article_704f371d-b38f-527c-a463-5cbc6a24c923.html;http://www.cbsnews.com/news/texas-shootout-multiple-people-dead/?cid=facebook_CBS_DFW
2/7/2016,Unknown,1,7,Rochester,NY,http://13wham.com/news/top-stories/one-dead-six-hurt-in-sunday-morning-shooting;http://abcnews.go.com/US/wireStory/dead-hurt-shooting-rochester-york-nightclub-36771288
2/7/2016,"Christian Castro, Luis Cruz, Carlos Perez, Jose Hernandez",2,10,Orlando,FL,http://www.orlandosentinel.com/news/breaking-news/os-club-glitz-orlando-shooting-20160207-story.html;http://www.nbcnews.com/news/us-news/orlando-nightclub-shooting-leaves-2-dead-10-injured-n513251;http://www.wftv.com/news/local/4-arrests-made-in-fatal-glitz-ultra-lounge-shooting/361881184
2/7/2016,"Malcolm Dedeaux, Donald Dedeaux, Jessie Williams, Jermaine Ratcliff, Charles Johnson",2,4,Pass Christian,MS,http://www.wlox.com/story/31161943/shooting-at-pass-christian-mardi-gras-parade-investigation-underway;http://abcnews.go.com/US/wireStory/police-dead-shooting-parade-mississippi-36777054
2/7/2016,Unknown,0,4,Chicago (Englewood),IL,http://www.chicagotribune.com/news/local/breaking/ct-chicago-violence-shootings-20160207-story.html;http://abc7chicago.com/news/four-teens-ages-15-18-shot-while-on-englewood-porch/1191007/
2/9/2016,Clarence McCaleb,0,4,Muskegon Heights,MI,http://woodtv.com/2016/02/09/multiple-injuries-reported-in-shooting-at-muskegon-heights-high-school/;http://fox17online.com/2016/02/09/possible-shooting-in-the-parking-lot-of-muskegon-heights-high-school/;http://www.mlive.com/news/muskegon/index.ssf/2016/02/1_charged_in_connection_with_o.html
2/11/2016,Unknown,1,3,Turner Co.,GA,http://www.ajc.com/news/news/crime-law/deadly-i-75-chase-ends-in-accidental-shooting-of-2/nqPCK/;http://www.wyff4.com/news/one-dead-several-injured-following-chase-shooting/37958704;http://www.albanyherald.com/news/local/public_safety/officers-suspect-shot-during-chase-on-i/article_bd02b538-0bb6-5bd7-a058-0607b5cc1341.html
2/12/2016,Corey Perry,2,2,Plymouth,MN,http://www.fox9.com/news/90338285-story;http://minnesota.cbslocal.com/2016/02/13/2-dead-officers-injured-in-plymouth/;http://www.startribune.com/attorney-ids-dead-shooter-suspect-s-victim-in-plymouth-incident/368777101/
2/13/2016,Corey Ursin,0,4,Marrero,LA,http://www.wwltv.com/story/news/2016/02/14/jpso-investigating-quadruple-shooting--marrero/80370826/;http://www.wwl.com/Four-shot-at-teen-birthday-party-in-Marrero/22470990
2/14/2016,Unknown,1,4,Houston,TX,http://www.click2houston.com/news/police-1-dead-2-injured-in-shooting-in-southeast-houston;http://www.khou.com/story/news/crime/2016/02/14/police-investigating-quadruple-shooting-se-houston/80372032/;http://www.khou.com/story/news/crime/2016/02/14/police-investigating-quadruple-shooting-se-houston/80372032/
2/14/2016,Unknown,0,4,Houston,TX,http://abc13.com/news/at-least-nine-people-shot-at-two-different-locations-across-area/1200220/;http://www.sanantoniopost.com/index.php/sid/241297921
2/14/2016,"Avery Hughes, LaDexter Pelt",0,5,Eutaw,AL,http://wiat.com/2016/02/15/5-shot-in-howards-in-greene-county-early-sunday/;http://www.wtvm.com/story/31223354/5-shot-at-greene-co-nightclub
2/18/2016,Unknown,3,1,South Salt Lake,UT,http://kutv.com/news/local/fourth-victim-comes-forward-in-south-salt-lake-shooting;http://www.sltrib.com/home/3556615-155/1-dead-3-injured-in-utah;https://www.ksl.com/index.php?sid=38591362&nid=148&title=third-victim-in-south-salt-lake-shooting-dies
2/19/2016,Grayden Denham,4,0,Edgerton,MO,http://www.kspr.com/content/news/charge-4-murder-burning-bodies-edgerton-384574771.html;http://www.greenfieldreporter.com/view/story/e7079be18f184ac9accd09010ae1c489/US--Fire-Four-Killed;http://fox2now.com/2016/02/20/4-killed-in-fire-in-rural-northwest-missouri/
2/19/2016,Unknown,2,2,Vallejo,CA,http://www.ktvu.com/news/94170750-story;http://patch.com/california/benicia/shooting-vallejo-kills-one-injures-3-0;http://sanfrancisco.cbslocal.com/2016/02/22/second-victim-in-friday-vallejo-shooting-dies/
2/19/2016,Charles Lambert,2,3,Iuka,MS,http://abc13.com/news/officer-killed-three-officers-wounded-in-mississippi-standoff/1208791/;http://abcnews.go.com/US/wireStory/officer-dead-wounded-mississippi-shooting-37076256
2/20/2016,Unknown,1,3,Tampa,FL,http://wfla.com/2016/02/20/one-dead-3-injured-after-shooting-at-tampa-bar/;http://www.tampabay.com/news/publicsafety/crime/shooting-at-tampa-hookah-bar-leaves-one-dead-three-injured/2266160
2/20/2016,Mario Desmond,1,3,Bessemer,AL,http://abc3340.com/news/local/deputies-investigating-shooting-in-bessemer;http://www.al.com/news/birmingham/index.ssf/2016/02/multiple_victims_shot_injured.html#incart_river_home
2/20/2016,Roy Stephens,0,4,Orlando,FL,http://www.fox35orlando.com/home/94524253-story;http://www.wftv.com/news/local/four-in-hospital-after-orlando-shooting/100141446;http://www.wesh.com/news/several-shot-in-parramore/38106968
2/21/2016,Jason Dalton,6,2,Kalamazoo,MI,http://www.cnn.com/2016/02/21/us/michigan-kalamazoo-county-shooting-spree/;https://www.washingtonpost.com/news/post-nation/wp/2016/02/21/six-killed-in-kalamazoo-shooting-spree-were-chosen-at-random-authorities-say/
2/21/2016,"Tony Bailey, Jerrod Corley, Leroy Coleman",1,3,Hazlewood,MO,http://fox2now.com/2016/02/21/major-case-squad-activated-for-270-lindbergh-shooting/;http://www.stltoday.com/news/local/crime-and-courts/one-dead-three-wounded-after-shooting-on-i--in/article_7dbe1190-fb73-50b0-a73a-c21622cc03a7.html;http://www.kmov.com/story/31327051/2-in-custody-after-woman-killed-in-drive-by-shooting-sunday
2/21/2016,Unknown,0,5,Houston,TX,http://abc13.com/news/baby-4-people-injured-in-drive-by-shooting/1211951/;http://www.khou.com/story/news/crime/2016/02/22/infant-among-victims-s-houston-drive--shooting/80723848/
2/23/2016,Alex Buckner,5,0,Glendale,AZ,http://www.azcentral.com/story/news/local/phoenix/breaking/2016/02/23/gunshot-victims-inside-burning-house-phoenix-officials-say/80792206/;http://www.10news.com/news/fd-family-of-four-reportedly-shot-at-north-phoenix-house;http://kutv.com/news/nation-world/five-dead-after-arizona-shooting-house-fire
2/23/2016,"Ricardo Watson, Rakim Watson",0,4,Daytona Beach,FL,http://www.news-journalonline.com/article/20160224/news/160229720;http://www.news-journalonline.com/article/20160224/news/160229720
2/24/2016,Brent Morrie,0,4,Atlanta,GA,http://www.fox5atlanta.com/news/97016854-story;http://www.wsbtv.com/news/news/local/police-investigate-triple-shooting-near-gsu-campus/nqXgJ/;http://downtown.11alive.com/news/news/1867612-arrest-made-quadruple-shooting-downtown-atlanta
2/24/2016,Martin Wirth,2,2,Bailey,CO,http://kdvr.com/2016/02/24/bailey-shooting-what-we-know-about-the-suspect-so-far/;http://www.9news.com/news/crime/3-deputies-shot-1-killed-in-bailey/54667695
2/25/2016,Cedric Ford,4,14,Hesston,KS,http://www.wlox.com/story/31320325/4-killed-14-injured-in-kansas-workplace-shooting;http://www.chicagotribune.com/news/nationworld/ct-kansas-business-shooting-20160225-story.html
2/25/2016,David Wayne Campbell,5,0,Belfair,WA,http://www.seattletimes.com/seattle-news/crime/officials-investigating-mans-claim-he-shot-4-people-in-belfair/;http://www.king5.com/story/news/crime/2016/02/26/swat-responds-report-4-people-shot-belfair/80987850/
2/27/2016,Sgt. Ronald Hamilton,2,2,Woodbridge,VA,http://www.nydailynews.com/news/national/rookie-killed-day-job-virginia-shooting-article-1.2546227;http://ktla.com/2016/02/28/virginia-police-officer-killed-a-day-after-being-sworn-in/
2/28/2016,Unknown,0,5,Detroit,MI,http://www.fox2detroit.com/news/local-news/98761044-story;http://www.mlive.com/news/detroit/index.ssf/2016/02/five_shot_outside_detroit_club.html
2/28/2016,Pedro Jorge Cardenas,1,3,Riverside (Jarupa Valley),CA,http://www.pe.com/articles/jurupa-795749-valley-shooting.html;http://www.crimevoice.com/2016/04/08/suspect-arrest-jurupa-valley-murder/
3/4/2016,Marctarius Grace,1,3,Columbus,OH,http://www.fox19.com/story/31411157/man-accused-in-shooting-that-killed-boy-7-held-on-2m-bail;http://wncn.com/2016/03/07/ohio-man-arrested-charged-with-shooting-multiple-children-teen-7-year-old-killed/
3/5/2016,Unknown,0,4,Wichita,KS,http://www.kake.com/home/headlines/Police-investigate-shooting-in-Old-Town-371143871.html;http://www.kwch.com/news/local-news/Four-hurt-in-Old-Town-shooting/38355980
3/6/2016,Unknown,1,8,Compton,CA,http://www.nbclosangeles.com/news/local/Compton-Shooting-371197321.html;http://laist.com/2016/03/06/1_dead_10_injured_after_shooting_at.php
3/6/2016,Emanuel Marrero,1,6,Chelsea,MA,http://www.wcvb.com/news/7-shot-1-critical-in-overnight-shooting-inside-chelsea-home/38368484;http://www.myfoxboston.com/news/chelsea-shooting-kills-one-injures-seven/147483362;http://www.masslive.com/news/boston/index.ssf/2016/03/single_shooter_responsible_for.html
3/6/2016,Jacob Weaver,0,4,Roswell,GA,http://www.ajc.com/news/news/crime-law/cops-4-people-shot-after-bar-argument-in-roswell/nqfDG/;http://www.ajc.com/news/news/crime-law/gwinnett-man-accused-of-shooting-4-people-outside-/nq5tR/
3/7/2016,Unknown,0,4,Lafayette,LA,http://theadvocate.com/news/acadiana/15115322-129/four-shot-while-walking-along-martin-luther-king-jr-drive-in-lafayette-monday-afternoon;http://www.katc.com/story/31406629/police-at-least-three-people-shot-on-mlk-drive-in-lafayette
3/7/2016,Pablo Serrano-Vitorino ,5,0,Kansas City,KS,http://www.kansascity.com/news/local/crime/article64699427.html;http://www.kmbc.com/news/police-searching-for-person-of-interest-after-overnight-quadruple-homicide/38397106?utm_campaign=KMBC%209%20News%20Kansas%20City&utm_medium=FBPAGE&utm_source=Social;http://www.greenfieldreporter.com/view/story/30f1dd7d120f4df58ad5377d22567c2e/MO--Fatal-Shootings-Plea
3/8/2016,Unknown,2,3,San Antonio,TX,http://www.ksat.com/news/2-dead-3-wounded-in-east-side-shooting;http://sanantonio.suntimes.com/sa-news/7/128/186539/sapd-fatal-east-side-shooting-may-be-tied-to-earlier-incident-2
3/9/2016,"Cheron Shelton, Robert Thomas",6,3,Wilkinsburg,PA,http://pittsburgh.cbslocal.com/2016/03/09/multiple-people-reportedly-shot-in-wilkinsburg/;http://www.nbcnews.com/news/us-news/five-dead-three-wounded-pennsylvania-shooting-n535626;http://abcnews.go.com/US/dead-injured-backyard-shooting-suburban-pittsburgh/story?id=37538434;http://www.nbcnews.com/news/us-news/two-charged-backyard-shooting-killed-five-including-pregnant-woman-pennsylvania-n597801
3/11/2016,Unknown,0,5,Trenton,NJ,http://www.fox29.com/news/local-news/104653582-story;http://6abc.com/news/4-people-left-wounded-after-shooting-in-trenton/1241193/
3/11/2016,Unknown,2,2,Detroit,MI,http://www.fox2detroit.com/news/local-news/105138415-story;http://www.detroitnews.com/story/news/local/detroit-city/2016/03/11/dead-wounded-drive-detroit/81665078/;http://www.fox2detroit.com/news/local-news/105561419-story
3/12/2016,Unknown,0,4,Oakland,CA,http://sanfrancisco.cbslocal.com/2016/03/12/oakland-drive-by-shooting-party-bus-near-bay-bridge/;https://www.reddit.com/r/GunsAreCool/comments/4a4xrj/4_injured_in_oakland_driveby_shooting_of_party_bus/
3/12/2016,Unknown,1,3,Wichita Falls,TX,http://www.timesrecordnews.com/news/crime/one-dead-three-injured-in-early-morning-shooting-2dde1e93-93af-0d17-e053-0100007f8bbf-371879341.html;http://www.newschannel6now.com/story/31453112/four-people-shot-in-wichita-falls
3/12/2016,Unknown,2,2,Elberton,GA,http://www.wsbtv.com/news/local/child-man-killed-in-northeastern-georgia-quadruple-shooting/159301014;http://www.ajc.com/news/news/local/child-man-killed-in-quadruple-shooting-in-northeas/nqjzQ/
3/12/2016,Bennie London,0,4,Portland,OR,http://www.kgw.com/news/crime/four-wounded-during-gang-shooting-at-portland-community-center/82473815;http://www.oregonlive.com/portland/index.ssf/2016/03/post_553.html
3/13/2016,Unknown,0,4,Fort Myers,FL,http://www.news-press.com/story/news/crime/2016/03/14/four-shot-brooks-park-fort-myers-over-weekend-lee/81785878/;http://www.winknews.com/2016/03/13/source-gunshots-disrupt-family-event-at-brooks-park-at-least-2-hit/
3/14/2016,Unknown,1,3,Chicago (East Garfield Park),IL,http://www.nbcchicago.com/news/local/Officers-Shot-North-Lawndale-372061232.html;http://abc7chicago.com/news/3-police-officers-injured-in-west-side-shooting/1245882/
3/15/2016,Unknown,0,5,Atlanta,GA,http://www.ajc.com/news/news/crime-law/5-shot-at-northwest-atlanta-nightclub/nqkn6/;http://newschannel9.com/news/nation-world/police-5-shot-at-atlanta-nightclub
3/17/2016,Unknown,2,2,Houston,TX,http://www.chicagotribune.com/news/nationworld/ct-houston-police-shooting-20160317-story.html;http://www.chron.com/news/houston-texas/article/2-robbery-suspects-fatally-shot-by-HPD-identified-6923343.php
3/19/2016,Marcus Edwards,2,2,Wetumpka,AL,http://www.wtvm.com/story/31518283/police-4-shot-3-killed-in-drive-by-shooting-in-wetumpka;http://www.al.com/news/montgomery/index.ssf/2016/03/multiple_people_killed_in_wetu.html
3/20/2016,Unknown,1,4,Fort Lauderdale (Plantation),FL,http://www.sun-sentinel.com/local/broward/plantation/fl-plantation-fatal-shooting-20160320-story.html;http://www.local10.com/news/1-dead-4-injured-after-shooting-at-plantation-house-party
3/20/2016,Brad Hettinger,4,0,Louisville,KY,http://www.cbsnews.com/news/4-dead-in-alleged-murder-suicide-at-kentucky-home-police-say/;http://www.kentucky.com/latest-news/article67385657.html
3/21/2016,Unknown,0,4,Chicago (Austin),IL,http://www.krmg.com/news/news/local/four-boys-wounded-chicago-shooting/nqqL2/;http://www.cachevalleydaily.com/news/national/article_5c038d52-ba3f-5f20-80ad-12b01841a01b.html
3/21/2016,Malachi Russler,4,0,Sherman,TX,http://www.kxii.com/home/headlines/Sherman-shooting-ruled-murder-suicide--373142761.html?ref=761;http://heralddemocrat.com/news/local/spd-says-sherman-deaths-were-murder-suicide
3/22/2016,Unknown,0,4,Selma,CA,http://www.yourcentralvalley.com/news/4-teens-injured-in-selma-neighborhood-shooting;http://abc30.com/news/4-people-injured-in-shooting-in-selma/1258579/
3/25/2016,Charles Monroe Woods,2,2,Lawrenceburg,TN,http://www.timesdaily.com/news/crime/woman-killed-sons-injured-in-domestic-violence-shooting/article_4d801ecd-d52f-580b-8c39-8f1fb588a363.html;http://whnt.com/2016/03/25/double-shooting-reported-on-lauderdale-county-road-130/
3/25/2016,Unknown,0,4,Chicago (East Garfield Park),IL,https://www.dnainfo.com/chicago/20160325/garfield-park/at-least-three-wounded-west-side-shooting;http://www.chicagotribune.com/news/local/breaking/ct-chicago-shootings-violence-20160325-story.html
3/26/2016,Unknown,0,4,Denver,CO,http://www.denverpost.com/news/ci_29688859/shooting-at-denver-apartment-complex-leaves-4-injured;http://www.thedenverchannel.com/news/front-range/denver/4-people-shot-overnight-in-southeast-denver-police-investigating
3/31/2016,James Brown III,2,2,Richmond ,VA,http://www.nbcnews.com/news/us-news/trooper-severely-injured-gunman-dead-shooting-greyhound-station-richmond-virginia-n548686;http://wset.com/news/local/update-shooter-identified-in-richmonds-greyhound-bus-station-shooting
3/31/2016,Unknown,0,4,Chicago (Englewood),IL,http://chicago.suntimes.com/news/four-men-injured-in-shooting-in-englewood/;http://chicago.cbslocal.com/2016/04/01/four-dead-11-wounded-in-thursday-gun-violence-in-chicago/
4/1/2016,Dung Nguyen,3,1,Albuquerque,NM,http://www.aol.com/article/2016/04/01/reports-2-dead-in-albuquerque-restaurant-shooting/21337029/;http://www.abqjournal.com/750012/news/police-investigate-shooting-in-ne-abq.html;http://krqe.com/2016/04/01/police-identify-men-killed-in-northeast-albuquerque-restaurant-shooting/
4/5/2016,Johnny L. Williams Jr.,2,2,St. Augustine,FL,http://www.theledger.com/article/20160406/NEWS/160409592/1001/datacentral;http://www.bcdemocrat.com/2016/04/06/fl-fatal-shooting-st-augustine/;http://staugustine.com/news/local-news/2016-04-15/suspect-west-augustine-double-homicide-apprehended-jacksonville#.VyZlYDArKUk
4/6/2016,Unknown,1,3,Cocoa,FL,http://www.wesh.com/news/deputies-respond-to-report-of-3-shot-in-brevard-county/38904122;http://www.floridatoday.com/story/news/crime/2016/04/06/shooting-reported-west-cocoa/82730566/;http://www.wesh.com/news/deputies-respond-to-report-of-3-shot-in-brevard-county/38904122
4/7/2016,Unknown,0,5,Chicago (South Shore),IL,http://abc7chicago.com/news/5-shot-on-party-bus-in-south-shore/1280390/;http://wgntv.com/2016/04/07/5-shot-while-exiting-party-bus-in-chicagos-south-shore-neighborhood/;
4/9/2016,Triston Whitmire,0,4,Albuquerque,NM,http://www.theeagle.com/news/nation/wounded-in-shooting-at-albuquerque-home/article_528b2cdb-b8a2-5296-b265-70720d20ab2f.html;http://krqe.com/2016/04/09/police-respond-to-shooting-in-southeast-albuquerque-4-injured/;http://www.abqjournal.com/754320/news/four-in-critical-condition-after-se-abq-shooting-saturday-morning.html
4/9/2016,Unknown,0,4,Memphis,TN,http://www.fox13memphis.com/news/4-people-in-hospital-after-being-shot-in-hickory-hill/205308109;http://www.wmcactionnews5.com/story/31686679/4-wounded-in-shooting-at-memphis-gas-station
4/9/2016,Unknown,0,4,Anniston,AL,http://www.al.com/news/anniston-gadsden/index.ssf/2016/04/4_wounded_at_anniston_motorcyc.html;http://www.annistonstar.com/news/police-four-wounded-in-saturday-night-shooting/article_174bbffc-fffe-11e5-b7ec-93674e38d483.html
4/10/2016,Unknown,1,3,Milwaukee,WI,http://fox6now.com/2016/04/10/developing-police-on-scene-of-shooting-on-north-side-at-least-one-dead/;http://www.wqow.com/story/31688479/police-4-teens-shot-1-fatally-in-milwaukee
4/10/2016,Unknown,0,4,Los Angeles,CA,http://www.independent.co.uk/news/world/americas/four-people-shot-in-los-angeles-while-setting-up-a-barbecue-a6978061.html;http://abc7.com/news/4-shot-taken-to-hospital-in-south-los-angeles/1285147/
4/11/2016,Nicholas Tartaglione,4,0,Orange Co.,NY,http://www.wfmz.com/news/national/excop-accused-of-killing-4-during-drug-deal/225596378;http://www.newyorkupstate.com/hudson-valley/2016/12/ex-cop_charged_with_killing_4_men_in_drug_deal_hiding_bodies_in_hudson_valley.html
4/14/2016,Unknown,1,3,Orange,NJ,http://abc7ny.com/news/police-shooting-leaves-1-dead-3-injured-in-nj/1292720/;http://patch.com/new-jersey/westorange/shooting-orange-kills-teen-injures-3
4/16/2016,Devonquez Blackmon,0,4,Enterprise,AL,http://www.wtvm.com/story/31742529/police-4-injured-in-shooting-at-house-party-in-enterprise#;http://www.dothanfirst.com/news/four-shot-at-house-party-in-enterprise;http://www.dothaneagle.com/news/crime_court/man-wanted-for-assault-in-enterprise-shooting/article_5d4e2a7c-0741-11e6-805d-6ba08b34bebe.html
4/16/2016,"Christopher Miller, Lavon Shinn",2,4,Orlando,FL,http://www.wesh.com/news/5-injured-1-dead-in-west-orlando-shooting/39067562;http://www.clickorlando.com/news/multiple-people-hurt-orlando-shooting;http://www.orlandosentinel.com/news/breaking-news/os-drive-by-woman-dies-20160423-story.html
4/16/2016,Unknown,1,4,Detroit,MI,http://www.mlive.com/news/detroit/index.ssf/2016/04/one_man_dead_four_others_inclu.html;http://www.detroitnews.com/story/news/local/detroit-city/2016/04/17/dead-hurt-shooting-detroits-east-side/83154880/
4/17/2016,James Dickson,3,1,Philadelphia,PA,http://philadelphia.cbslocal.com/2016/04/17/3-dead-in-shooting-barricade-in-kensington/;http://www.philly.com/philly/news/20160418_3_killed__man_arrested__at_Kensington_home.html;http://6abc.com/news/police-man-kills-brother-2-others-in-kensington/1295600/
4/17/2016,Unknown,1,3,Pelzer,SC,http://www.greenvilleonline.com/story/news/2016/04/17/1-dead-3-injured-greenville-county-shooting/83163118/;http://www.wyff4.com/news/coroner-1-dead-3-taken-hospitalized-after-possible-shooting/39074338
4/17/2016, Genaro Maldonado,1,6,Edinburg,TX,http://valleycentral.com/news/local/police-jaguars-shooting-killed-1-injured-6;http://www.themonitor.com/news/local/victim-in-strip-club-shooting-id-d-police-seek-two/article_e27f202c-0578-11e6-bcb3-af6b5e4aa211.html
4/18/2016,Unknown,1,3,Long Beach,CA,http://www.nbclosangeles.com/news/local/long-beach-triple-shooting-one-dead-one-critical-376164901.html;http://lbpost.com/news/crime/2000008630-one-dead-in-shooting-in-long-beach-s-macarthur-park-neighborhood
4/19/2016,Unknown,1,4,Chicago (Auburn-Gresham),IL,http://www.chicagotribune.com/news/local/breaking/ct-chicago-shootings-violence-20160418-story.html;http://abc7chicago.com/news/5-shot-1-fatally-while-filming-rap-video-at-south-side-park/1298373/
4/19/2016,Jeremy Srinivasan,4,0,Katy,TX,http://www.chron.com/neighborhood/fortbend/news/article/Couple-children-dead-in-apparent-murder-suicide-7257662.php;http://news4sanantonio.com/news/local/4-dead-in-apparent-triple-murder-suicide
4/19/2016,Daniel Blackmon,1,4,Blountsville,AL,http://www.al.com/news/birmingham/index.ssf/2016/04/3_wounded_after_gunman_in_cowb.html;https://www.reddit.com/r/GunsAreCool/comments/4flfg0/alabama_gun_owner_drives_around_randomly_shooting/;http://www.ctpost.com/news/crime/article/Police-ID-man-killed-after-Alabama-shooting-spree-7259817.php
4/19/2016,Unknown,1,3,Chicago (Gage Park),IL,https://www.dnainfo.com/chicago/20160420/gage-park/teen-killed-3-others-wounded-gage-park-shooting-police;http://chicago.suntimes.com/news/police-1-dead-3-wounded-in-gage-park-shooting/
4/21/2016,Stephon Carroll,0,4,Baltimore,MD,http://www.wbaltv.com/news/4-people-including-juvenile-injured-in-baltimore-shooting/39156020;http://www.wbaltv.com/news/4-people-including-juvenile-injured-in-baltimore-shooting/39156020
4/22/2016,Unknown,8,0,Piketon,OH,http://www.usatoday.com/story/news/2016/04/22/report-least-7-dead-home-east-cincinnati/83380280/;http://bnonews.com/news/index.php/news/id4201
4/22/2016,Wayne Anthony Hawes,6,0,Appling,GA,http://bnonews.com/news/index.php/news/id4209;http://www.wrdw.com/home/headlines/BREAKING-Coroner-on-the-way-to-scene-of-shooting-in-Columbia-County-376803861.html
4/23/2016,Tarabien Cobb,3,1,Auburn,AL,http://whnt.com/2016/04/23/overnight-shooting-in-auburn-leaves-3-dead-1-injured/;http://abcnews.go.com/US/wireStory/police-killed-alabama-nightclub-shooting-38619163
4/23/2016,Unknown,0,4,New York (Manhattan),NY,http://www.nydailynews.com/new-york/nyc-crime/bronx-man-fatally-shot-wounded-six-hour-span-article-1.2612048;http://nypost.com/2016/04/24/daily-blotter-857/
4/23/2016,Juvenile,1,3,Las Vegas,NV,http://www.reviewjournal.com/crime/shootings/1-dead-several-hurt-east-las-vegas-shooting;http://news3lv.com/news/local/fight-escalates-to-fatal-shooting-stabbing-publics-help-sought
4/23/2016,Unknown,0,4,Seattle,WA,http://q13fox.com/2016/04/23/spd-boosts-patrols-after-early-morning-shootings-injure-four-people-overnight/;http://abcnews.go.com/US/wireStory/police-investigate-downtown-seattle-shooting-38621314
4/23/2016,Unknown,0,5,Flint,MI,http://www.mlive.com/news/flint/index.ssf/2016/04/five_people_injured_one_critic.html;http://bnonews.com/news/index.php/news/id4222
4/23/2016,Orlando Collins,1,3,Topeka,KS,http://patch.com/us/across-america/federal-officers-wounded-shootout-kansas-motel-0;http://www.cnn.com/2016/04/24/us/kansas-federal-agents-shot/;http://www.wibw.com/content/news/Multiple-shots-fired-at-Topeka-motel-Law-enforcement-have-area-blocked-off-376872351.html;http://www.wibw.com/content/news/FBI-identifies-body-found-after-motel-shooting-and-fire-377170901.html
4/24/2016,Malik Cobbs,0,6,Halifax,VA,http://www.godanriver.com/news/state/six-injured-in-halifax-county-shooting-state-police-investigating/article_6616ae2a-0a36-11e6-8a2c-37334c6eaa30.html;http://wric.com/2016/04/24/state-police-investigate-deputy-involved-shooting-that-left-6-injured/
4/24/2016,Nghia Trong Tran,0,4,Denver,CO,http://www.thedenverchannel.com/news/local-news/4-wounded-in-shooting-near-larimer-square-early-sunday;http://www.denverpost.com/news/ci_29807417/four-injured-early-sunday-shooting-denver
4/24/2016,Unknown,2,3,Chicago (Englewood),IL,http://chicago.suntimes.com/news/fire-officials-4-shot-in-west-englewood/;http://abc7chicago.com/news/2-dead-3-injured-in-west-englewood-shooting/1307606/
4/25/2016,Unknown,0,4,Goodlettsville,TN,http://www.newschannel5.com/news/local-news/4-injured-in-shooting-at-goodlettsville-home;http://www.tennessean.com/story/news/local/davidson%20/2016/04/25/police-investigate-goodlettsville-shooting/83488112/?from=global&sessionKey=&autologin=
4/25/2016,Demarcus Amos,0,4,Nashville,TN,http://www.tennessean.com/story/news/crime/2016/04/25/police-investigate-shooting-near-music-city-central-bus-station/83513356/;http://fox17.com/news/local/metro-says-shooting-reported-at-music-city-central-bus-station-in-downton-nashville;http://www.wpsdlocal6.com/story/31851655/boy-16-accused-in-downtown-nashville-bus-station-shooting
4/25/2016,Unknown,0,5,Miami,FL,http://cbs12.com/news/local/police-5-people-shot-in-miami-neighborhood;http://www.nbcmiami.com/news/local/3-Shot-in-Northwest-Miami-Dade-377042541.html
4/26/2016,Unknown,1,4,Forestville,MD,http://www.wusa9.com/news/local/1-dead-in-forestville-quadruple-shooting/154003524;http://www.nbcwashington.com/news/local/1-Woman-Dead-3-Men-Injured-in-Forestville-Shooting-377088391.html;http://wtop.com/prince-georges-county/2016/04/woman-dead-in-quadruple-shooting-in-prince-georges-co/
4/27/2016,Odell Hallmon,3,1,Kilmichael,MS,http://www.newsweek.com/mississippi-shootings-three-killed-453009;http://www.wbrc.com/story/31829338/man-charged-in-kilmichael-triple-murder
4/27/2016,Unknown,1,3,Baton Rouge,LA,http://www.ksla.com/story/31836210/ebrso-shooting-on-kerrit-drive-leaves-1-dead-3-injured;http://www.wbrz.com/news/1-dead-3-injured-in-shooting-ebrso-looking-for-suspects/
4/29/2016,Unknown,0,5,Oakland,CA,http://www.mercurynews.com/crime-courts/ci_29834072/west-oakland-shooting-leaves-six-injured-five-by;http://www.ktvu.com/news/135187319-story
4/29/2016,Unknown,0,4,St. Louis,MO,http://www.stltoday.com/news/local/crime-and-courts/gunfire-wounds-several-at-home-of-relatives-of-child-fatally/article_c36ac516-e348-58e6-9e6d-c1fde70f98c5.html;http://www.kmov.com/story/31854099/9-year-old-girl-grazed-by-bullet-during-drive-by-shooting-in-ferguson
5/1/2016,Unknown,0,5,Murfreesboro,TN,http://wkrn.com/2016/05/01/5-injured-in-shooting-at-murfreesboro-party/;http://www.dnj.com/story/news/local/2016/05/01/five-injured-shooting-murfreesboro-party/83786978/
5/3/2016,Murray Lancaster,4,0,Green Cove Springs,FL,http://www.news4jax.com/news/crime/police-2-shot-at-home-in-green-cove-springs#;http://www.newsweek.com/florida-shooting-green-cove-springs-455233
5/4/2016,Marion Guy Williams,2,2,Katy,TX,http://www.click2houston.com/news/possible-active-shooter-reported-inside-harris-county-transportation-building;http://www.reuters.com/article/us-texas-shooting-idUSKCN0XV1S8
5/4/2016,Unknown,1,7,Minneapolis,MN,http://kstp.com/news/north-minneapolis-shooting-police-department-16th-avenue-newtown-avenue/4127385/;http://www.startribune.com/hunt-on-for-suspects-in-north-side-gunfire-that-killed-1-wounded-others/378283121/
5/5/2016,Unknown,2,6,Shreveport,LA,http://www.hastingstribune.com/dead-wounded-injured-in-north-shreveport-shooting/article_a8c9cd4d-a323-5f11-b7b8-b665d3402838.html;http://abcnews.go.com/US/wireStory/dead-injured-north-shreveport-shooting-38909920
5/5/2016,Unknown,2,2,Las Vegas,NV,http://www.reviewjournal.com/crime/homicides/man-woman-dead-2-children-injured-north-las-vegas-shooting;http://gazette.com/man-woman-dead-2-kids-shot-outside-vegas-area-day-care/article/feed/345711;http://www.ktnv.com/news/police-investigating-2-deaths-near-martin-luther-king-blvd-alexander
5/5/2016,Travis Spitler,1,3,Miami,FL,http://www.miamiherald.com/news/local/community/miami-dade/article75993867.html;http://www.nbcmiami.com/news/local/1-Killed-3-Injured-in-Allapattah-Shooting-Police-378388331.html
5/6/2016,Eulalio Tordil,3,3,Bethesda,MD,http://www.nydailynews.com/news/national/people-shot-westfield-montgomery-mall-maryland-article-1.2627493;https://www.washingtonpost.com/local/public-safety/one-person-shot-at-montgomery-mall-in-bethesda-police-say/2016/05/06/f510d2aa-139f-11e6-81b4-581a5c4c42df_story.html
5/6/2016,Unknown,1,3,Montgomery,AL,http://www.wsfa.com/story/31914432/4-shot-in-west-montgomery;http://www.al.com/news/index.ssf/2016/05/4_shot_in_montgomery.html;http://www.montgomeryadvertiser.com/story/news/crime/2016/05/07/4-shot-clay-st-west-montgomery/84063166/
5/6/2016,Unknown,1,4,Detroit,MI,http://www.fox2detroit.com/news/local-news/138535652-story;http://detroit.cbslocal.com/2016/05/06/man-killed-in-shooting-outside-car-wash-on-detroits-east-side/
5/8/2016,Osiel Benitez,1,3,Austin,TX,http://www.statesman.com/news/news/local/officials-one-dead-3-injured-in-north-austin-shoot/nrJs8/;http://patch.com/texas/north-austin/early-morning-shooting-north-austin-leaves-one-dead-three-injured;http://austin.com/fight-over-line-cutting-leads-to-taco-fueled-homicide-in-austin/
5/11/2016,Sedrick Norris,1,4,Burmingham,AL,http://m.dailyjournal.net/view/story/8263ab19dd164635a151fbe2875fb6a3/AL--Birmingham-Children-Shot-Woman-Killed;http://www.al.com/news/birmingham/index.ssf/2016/05/i_cant_believe_my_daddy_shot_m.html
5/11/2016,Unknown,0,5,Chicago (Park Manor),IL,http://abc7chicago.com/news/4-people-shot-in-park-manor-near-71st-state/1334442/;http://abc7chicago.com/news/5-shot-at-park-manor-bus-stop/1334442/
5/12/2016,Kevin Robinson,4,0,Chicago (Roseland),IL,http://wgntv.com/2016/05/12/3-killed-in-englewood-shooting-swat-in-standoff-with-murder-suspect/;http://chicago.suntimes.com/news/police-2-killed-1-wounded-in-englewood-shooting/
5/14/2016,"Donnell Strong, Jacques Slade",1,3,Charleston,WV,http://wvmetronews.com/2016/05/14/charleston-police-investigate-multiple-victim-shooting-at-west-side-bar/;http://www.wsaz.com/content/news/Dispatchers-Multiple-victims-reported-in-Charleston-shooting--379517131.html
5/14/2016,Unknown,2,2,Phoenix,AZ,http://www.azcentral.com/story/news/local/phoenix-breaking/2016/05/14/phoenix-officer-hurt-suspect-down-police-involved-shooting/84383030/;http://www.abc15.com/news/region-phoenix-metro/central-phoenix/police-officer-hurt-suspect-down-in-shooting-involving-phoenix-pd
5/14/2016,Unknown,0,5,Atlanta,GA,http://www.fox5atlanta.com/news/141329722-story;http://www.wsbtv.com/news/local/atlanta/five-people-injured-in-southwest-atlanta-shootings/282840926
5/15/2016,Unknown,0,4,Evansville,IN,http://www.tristatehomepage.com/news/local-news/multiple-people-shot-near-evansville-bar-police-investigating;http://www.14news.com/story/31976961/multiple-people-shot-outside-of-evansville-bar#
5/15/2016,Jeffrey Allen Peacock,5,0,Moultrie,GA,http://www.wtxl.com/news/found-dead-in-moultrie-house-fire-were-shot-and-killed/article_78cef5f8-1e0a-11e6-a2e2-d33d011dc25b.html;http://www.nydailynews.com/news/crime/georgia-man-guns-people-sets-house-fire-article-1.2643369;http://www.moultrieobserver.com/news/local_news/dogs-also-killed-in-mass-slaying/article_8a5f7f5e-1eb9-11e6-ad57-7f3919ebe33d.html
5/17/2016,Kenneth Ancrum,3,1,Ravenel,SC,http://www.postandcourier.com/20160517/160519475/suspect-identified-after-3-fatally-shot-at-ravenel-mobile-home-park;http://www.live5news.com/story/31995713/sheriff-3-dead-1-injured-in-ravenel-shooting;http://www.charlestonscene.com/20160518/160519429/she-begged-him-not-to-shoot-them-911-caller-says-of-ravenel-shooting-survivor
5/18/2016,Unknown,0,4,Indianapolis,IN,http://cbs4indy.com/2016/05/18/4-injured-in-near-northeast-side-shooting/;http://www.indystar.com/story/news/crime/2016/05/18/3-people-shot-northside/82535200/
5/21/2016,"Gemarius Oneal, Christopher Walker",1,3,Jackson,GA,http://www.fox5atlanta.com/news/143799999-story;http://www.jacksonprogress-argus.com/news/shot-dead-after-graduation-party/article_e0d68628-1f92-11e6-a197-87a405232e24.html;http://meredithaz.worldnow.com/story/32034529/1-killed-3-injured-in-butts-county-shooting
5/21/2016,Robert Michael Baguindo Jr,1,3,Stockton,CA,http://www.recordnet.com/article/20160521/NEWS/160529934;http://www.kcra.com/news/local-news/news-stockton/1-person-dead-3-wounded-in-stockton-shootings/39666680;http://www.recordnet.com/article/20160616/NEWS/160619791
5/22/2016,Unknown,0,4,Nashville,TN,http://fox17.com/news/local/several-people-injured-in-south-nashville-shooting;http://www.tennessean.com/story/news/crime/2016/05/22/metro-police-responding-three-shot-wedgewood-houston/84758518/
5/22/2016,Unknown,0,4,New Orleans,LA,http://www.nola.com/crime/index.ssf/2016/05/4_people_shot_in_hollygrove_ne.html;http://www.timesunion.com/news/crime/article/Police-4-shot-in-New-Orleans-7939189.php
5/23/2016,Unknown,0,5,Newark,NJ,http://newyork.cbslocal.com/2016/05/23/newark-shooting/;http://www.ccenterdispatch.com/news/state/article_8b6d23b3-b92d-5ea4-b7bd-b35c608b1841.html
5/23/2016,Unknown,0,4,New York (Manhattan),NY,http://nypost.com/2016/04/24/daily-blotter-857/;http://www.nydailynews.com/new-york/nyc-crime/bronx-man-fatally-shot-wounded-six-hour-span-article-1.2612048
5/25/2016,Roland Collins,1,3,New York (Manhattan),NY,http://www.express.co.uk/news/world/673919/Irving-Plaza-New-York-shooting-concert-TI;http://nypost.com/2016/05/25/three-shot-during-concert-at-irving-plaza/;http://thesource.com/2016/05/26/troy-ave-has-reportedly-been-arrested-in-connection-with-the-shooting-at-irving-plaza/;http://nypost.com/2016/06/22/troy-ave-pleads-not-guilty-in-ti-concert-shooting/
5/29/2016,Unknown,0,4,Indianapolis,IN,http://www.indystar.com/story/news/crime/2016/05/29/quadruple-shooting-downtown-leaves-4-hospitalized/85123608/;http://fox59.com/2016/05/29/four-people-found-shot-in-parking-garage-downtown-indianapolis/;
5/29/2016,Pierre Devlin,0,4,Las Vegas,NV,http://www.kolotv.com/content/news/Four-wounded-in-downtown-Las-Vegas-shooting-381246281.html;http://www.theeagle.com/news/nation/wounded-in-downtown-las-vegas-shooting/article_1e7f9bee-4bcc-5aa0-806b-b10bd3443058.html;http://www.ksl.com/index.php?nid=157&sid=40042724&title=bail-set-for-man-in-downtown-vegas-shooting-that-wounded-4
5/29/2016,Dionisio Garza ,2,6,Houston,TX,http://www.khou.com/news/crime/active-shooter-situation-reported-in-west-houston/220585167;http://www.wkbw.com/news/national/possible-active-shooter-situation-unfolding-in-houston-media-reports;http://www.khou.com/news/crime/motive-in-deadly-w-houston-shooting-remains-a-mystery/222758873;http://abc13.com/news/gunman-in-west-houston-mass-shooting-ided/1362286/
5/29/2016,Unknown,0,5,Zillah,WA,http://www.yakimaherald.com/news/crime_and_courts/five-injured-in-negligent-shooting-in-zillah-orchard/article_3106cc96-25ee-11e6-a1d9-bfb4d9212c7b.html;http://kimatv.com/news/local/authorities-say-zillah-orchard-workers-injured-in-negligent-shooting
5/29/2016,Unknown,0,6,Trenton,NJ,http://www.trentonian.com/general-news/20160529/bloody-sunday-8-injured-in-two-trenton-shootings;http://www.nj.com/mercer/index.ssf/2016/05/8_wounded_in_sunday_morning_trenton_shootings.html
5/30/2016,David Warren,0,5,Baltimore,MD,http://www.baltimoresun.com/news/maryland/crime/bs-md-ci-shooting-20160530-story.html;http://abcnews.go.com/US/people-injured-memorial-day-shooting-baltimore/story?id=39487539;http://www.baltimoresun.com/news/maryland/crime/bs-md-ci-quintuple-shooting-arrest-20160601-story.html
5/30/2016,Unknown,0,5,Sacramento,CA,http://www.sacbee.com/news/local/crime/article80802392.html;http://www.kcra.com/news/local-news/news-sacramento/multiple-people-hurt-in-south-sacramento-shooting/39793316
5/31/2016,Unknown,0,4,Chicago (East Garfield Park),IL,http://chicago.suntimes.com/news/four-shot-caught-in-crossfire-in-east-garfield-park/;http://www.fox32chicago.com/news/crime/150017772-story
5/31/2016,Unknown,0,4,Fort Wayne,IN,http://www.21alive.com/news/local/Four-Hurt-in-Northeast-Side-Shooting-381351911.html;http://wane.com/2016/05/31/4-people-shot-in-pawawna-drive-shooting/
6/4/2016,Demarco Rhymes,1,3,Eufaula,AL,http://www.al.com/news/montgomery/index.ssf/2016/06/officer-involved_shooting_unde.html;http://www.wsfa.com/story/32144825/3-shot-suspect-dies-following-officer-involved-shooting-in-eufaula
6/4/2016,"Chadd Evans, Dejuan Jones, Deashaun Turrentine",3,1,Denver,CO,http://www.denverpost.com/2016/06/04/police-looking-for-homicide-suspects-and-maroon-chevy-tahoe/;http://denver.cbslocal.com/2016/06/04/deadly-shooting-rocks-quiet-park-hill-neighborhood/
6/5/2016,Daterryn McBride,3,3,Phoenix,AZ,http://www.12news.com/news/local/valley/2-dead-suspect-attempts-suicide-in-phoenix-shooting-spree/234091042;http://abcnews.go.com/US/wireStory/official-critical-shooting-phoenix-motel-39634014;http://www.sandiegouniontribune.com/news/2016/jun/06/official-3-critical-following-shooting-at-phoenix/;http://www.abc15.com/news/region-phoenix-metro/central-phoenix/victims-identified-in-phoenix-motel-shooting-father-convinces-suspect-to-spare-his-girlfriend-son
6/5/2016,Unknown,0,4,New York (Brooklyn),NY,http://www.amny.com/news/coney-island-shooting-four-men-injured-the-nypd-says-1.11879295;http://pix11.com/2016/06/05/multiple-people-shot-in-coney-island/
6/5/2016,Michael Moran,3,3,Cape Coral,FL,http://bnonews.com/news/index.php/news/id4480;http://www.abc-7.com/story/32149535/3-killed-including-gunman-in-cape-coral-shooting-spree;http://www.winknews.com/2016/06/06/i-knew-i-got-hit-victim-recounts-being-shot-during-cape-coral-shooting-spree/
6/6/2016,Samuel Bermudez,0,4,Visalia,CA,http://www.fresnobee.com/news/local/crime/article82044842.html;http://abc30.com/news/4-people-shot-outside-a-bar-in-visalia/1373257/;http://www.fresnobee.com/news/local/crime/article82196277.html
6/6/2016,Unknown,0,4,Minneapolis,MN,http://kstp.com/news/shooting-north-minneapolis-humboldt-eighth-avenues/4160715/;http://www.kare11.com/news/crime/shots-fired-in-north-mpls-injuries-unknown/233598634
6/8/2016,Kevin Cole,0,4,Washington ,DC,http://www.fox5dc.com/news/156065265-story;http://wric.com/2016/06/08/4-injured-in-d-c-shooting-officer-struck-by-car-at-the-scene/;http://wjla.com/news/crime/dc-police-chief-to-hold-press-conference-on-quadruple-shooting
6/8/2016,"Jonathan Aguasvivas, Benzy Bain",1,3,Boston,MA,http://www.wcvb.com/news/multiple-people-shot-near-burke-school-in-dorchester/39961004;http://www.nytimes.com/2016/06/09/us/dorchester-school-shooting-one-person-killed.html?_r=0
6/9/2016,Mikeal Lamar Johnson-Carter,0,4,Fort Walton Beach,FL,http://weartv.com/news/local/fourth-okaloosa-county-shooting-victim-grazed-by-bullet;http://www.nwfdailynews.com/article/20160609/NEWS/160609012
6/11/2016,Unknown,1,3,Charlotte,NC ,http://www.wcnc.com/news/crime/1-dead-3-injured-in-northeast-charlotte-shooting/239623530;http://www.charlotteobserver.com/news/local/crime/article83204817.html
6/11/2016,Unknown,3,2,Los Angeles (Panorama City),CA,http://abc7.com/news/3-killed-2-hurt-in-possible-murder-suicide-in-panorama-city/1381841/;http://www.sfgate.com/news/crime/article/3-fatally-shot-in-possible-murder-suicide-in-Los-8059198.php
6/11/2016,Juan Villegas,5,0,Roswell,NM,http://krqe.com/2016/06/12/roswell-police-searching-for-man-suspected-of-killing-wife-and-four-daughters/;http://www.fredericksburg.com/news/news-wire/found-shot-to-death-in-roswell-home/article_949c21c4-afaa-5b4a-9b10-89f20a3e2803.html;http://www.lebanondailyrecord.com/article_d2498fa0-9ed3-58f9-b5dc-b6b27c003df2.html
6/11/2016,Unknown,1,3,Stockton,CA,http://www.abc10.com/news/local/1-killed-3-others-shot-in-stockton/240301750;http://fox40.com/2016/06/11/police-one-dead-at-least-three-injured-in-stockton-shooting/
6/11/2016,Unknown,0,4,Webster,MN,http://www.southernminn.com/northfield_news/news/article_56b6e51a-f71e-58e5-af5e-b310d740e970.html;http://www.fox9.com/news/158220597-story
6/12/2016,Omar Marteen,50,53,Orlando,FL,http://www.clickorlando.com/news/several-injured-in-shooting-at-orlando-nightclub;http://www.nytimes.com/live/orlando-nightclub-shooting-live-updates/
6/13/2016,Unknown,0,4,Fresno,CA,http://www.sfgate.com/news/crime/article/Police-4-teens-shot-in-Fresno-suspect-at-large-8099097.php?cmpid=reddit-desktop;http://abc30.com/news/4-people-1-dog-shot-in-southeast-fresno-police-say/1383408/
6/13/2016,Bernard Bellony,0,5,New York (Brooklyn),NY,http://www.sfchronicle.com/news/crime/article/NYPD-5-teens-wounded-in-playground-shooting-8109760.php;http://www.nydailynews.com/new-york/nyc-crime/gunfire-brooklyn-playground-injures-teens-article-1.2672434
6/13/2016,Unknown,3,1,College Park,GA,http://www.fox5atlanta.com/news/158613269-story;http://www.wsbtv.com/news/local/south-fulton-county/3-found-dead-inside-college-park-apartment/340825189 
6/13/2016,Unknown,0,5,Chicago (East Garfield Park),IL,http://chicago.suntimes.com/news/5-men-shot-in-east-garfield-park/;https://www.dnainfo.com/chicago/20160614/garfield-park/5-wounded-as-group-shot-at-east-garfield-park-police-say
6/14/2016,Unknown,1,3,Oakland,CA,http://globalnews.ca/news/2762789/6-shot-in-downtown-oakland-in-broad-daylight-teen-girl-in-grave-condition/;http://www.kcra.com/news/teen-killed-3-others-wounded-in-oakland-shooting/40060404
6/14/2016,Unknown,0,5,Wilmington,DE,http://www.delawareonline.com/story/news/crime/2016/06/14/five-people-shot-wilmington-police-say/85903204/;http://www.fox29.com/news/159491079-story;http://www.wdel.com/story/75601-shooting-in-hedgville-4-of-5-victims-are-children
6/17/2016,Unknown,0,4,Berwick,LA,http://banner-tribune.com/news-local/four-people-injured-berwick-shooting;http://www.katc.com/story/32253509/berwick-police-investigate-shooting-that-injured-four
6/18/2016,Unknown,2,4,Warren,OH,http://bnonews.com/news/index.php/news/id4614;http://fox8.com/2016/06/18/two-dead-four-hurt-at-bar-shooting-in-warren-township/
6/18/2016,Unknown,0,4,Chicago (South Shore),IL,http://chicago.suntimes.com/news/four-wounded-in-south-shore-drive-by-shooting/;http://abc7chicago.com/news/four-wounded-in-south-shore-drive-by-shooting/1391767/
6/18/2016,Unknown,2,2,Waycross,GA,http://www.news4jax.com/news/crime/2-dead-2-injured-in-waycross-shooting;http://jacksonville.com/news/crime/2016-06-19/story/two-killed-two-wounded-waycross-shooting-police-say
6/19/2016,Alexander Picott-Cleveland,1,3,Exmore,VA,http://wavy.com/2016/06/19/four-people-shot-in-northampton-county/;http://wtkr.com/2016/06/19/three-shot-at-party-in-exmore-suspect-arrested-early-sunday/
6/19/2016,Unknown,1,3,Syracuse,NY,http://cnycentral.com/news/local/onondaga-county-police-departments-respond-to-syracuse-shooting;http://www.syracuse.com/news/index.ssf/2016/06/syracuse_shooting_video_emerges_of_party_gunshots_on_near_west_side.html
6/19/2016,Unknown,0,4,Roanoke,VA,http://wtvr.com/2016/06/20/roanoke-restaurant-shooting/;http://wset.com/news/local/roanoke-police-four-people-injured-in-overnight-shooting
6/20/2016,Unknown,0,4,Baltimore,MD,http://www.wbaltv.com/news/pregnant-woman-3-others-shot-overnight-in-baltimore/40135540;http://www.abc2news.com/news/crime-checker/baltimore-city-crime/baby-removed-after-pregnant-woman-shot-both-stable
6/21/2016,Unknown,0,4,Willingboro,NJ,http://www.burlingtoncountytimes.com/news/crime/police--year-old-child-suffered-graze-wound-in-willingboro/article_1552f990-37cb-11e6-8120-db66c9cd9b93.html;http://www.courierpostonline.com/story/news/crime/2016/06/21/gunfire-injures-4-people-willingboro/86175764/
6/21/2016,Eric Lee Anthony,2,2,Louisville,KY,http://www.wlky.com/news/police-respond-to-report-of-serious-shooting-near-churchill-downs/40164358;http://www.wdrb.com/story/32277325/several-people-shot-near-churchill-downs
6/22/2016,Unknown,3,1,Lacey,WA,http://q13fox.com/2016/06/22/three-dead-in-thurston-county-shooting/;http://www.king5.com/news/crime/3-dead-in-shooting-near-olympia/252302880
6/22/2016,Unknown,1,5,DeKalb Co.,GA,http://www.wsbradio.com/ap/ap/georgia/police-1-dead-5-injured-in-shooting-during-drug-de/nrk26/;http://newschannel9.com/news/local/police-1-dead-5-injured-in-shooting-during-drug-deal
6/22/2016,Unknown,0,4,Chicago (East Garfield Park),IL,http://chicago.suntimes.com/news/four-hurt-in-east-garfield-park-drive-by-shooting/;http://www.chicagotribune.com/news/local/breaking/ct-chicago-shootings-violence-20160622-story.html
6/24/2016,Lawrence Sylvester Rogers Jr,3,2,District Heights,MD,http://bnonews.com/news/index.php/news/id4677;http://www.nbcnews.com/news/us-news/three-dead-two-wounded-maryland-shooting-n598831;http://www.nbcwashington.com/news/local/Suspect-Arrested-in-Three-Shooting-Deaths-at-Maryland-Home-385057131.html
6/24/2016,Unknown,0,4,Hartford,CT,http://www.courant.com/breaking-news/hc-hartford-shooting-0625-20160624-story.html;http://www.therepublic.com/2016/06/25/ct-hartford-shooting/
6/24/2016,Unknown,0,4,Kansas City,KS,http://fox4kc.com/2016/06/24/seven-people-shot-outside-kck-apartments-two-in-serious-condition/;http://www.kshb.com/news/local-news/at-least-6-people-shot-at-kck-apartment-complex
6/25/2016,Tommy Lee Ward,2,5,Forth Worth,TX,http://www.khou.com/news/crime/6-injured-2-dead-in-shooting-outside-fort-worth-dance-hall/255726433;http://www.upi.com/Top_News/US/2016/06/25/Two-people-dead-five-injured-in-Texas-dance-studio-shooting/1231466882136/;http://www.nbcdfw.com/news/local/Man-19-Arrested-in-Shooting-That-Left-2-Dead-5-Injured-Fort-Worth-Police-385018841.html
6/25/2016,Unknown,0,4,Chicago (Morgan Park),IL,http://abc7chicago.com/news/four-shot-including-pregnant-woman-in-morgan-park-/1401396/;http://baytownsun.com/article_2f5a1d1f-b3f0-58af-a72e-15e8ea9b001d.html
6/25/2016,Unknown,0,4,Norfolk,VA,http://www.13newsnow.com/news/local/four-people-hurt-in-shooting-in-berkley/256088917;http://wtkr.com/2016/06/26/police-investigating-quadruple-shooting/
6/26/2016,Treon Livingston ,0,5,Charlotte,NC ,http://www.wsoctv.com/news/local/five-people-injured-in-overnight-shooting-at-west-charlotte-bar-cmpd-says/364676647;http://www.wbtv.com/story/32308791/5-shot-search-for-shooter-in-west-charlotte;http://www.twcnews.com/nc/charlotte/news/2016/06/27/man-arrested-in-connection-with-shooting-at-west-charlotte-bar.html
6/26/2016,Unknown,1,4,Atlanta,GA,http://www.wsbtv.com/news/local/atlanta/1-dead-following-quadruple-shooting-at-biker-club/364840387;http://www.ajc.com/news/news/crime-law/several-shot-two-dead-in-separate-atlanta-incident/nrnSR/
6/26/2016,Jorge Hernandez,0,4,Corpus Christi,TX,http://www.kiiitv.com/story/32310954/shooting-at-local-nightclub-four-injured;http://www.kiiitv.com/story/32313419/nightclub-shooter-identified
6/26/2016,Unknown,1,3,Houston,TX,http://abc13.com/news/one-dead-several-injured-in-sw-houston-shooting/1402566/;http://www.click2houston.com/news/police-investigating-after-1-person-killed-at-southwest-houston-apartment-complex
6/26/2016,Jody Thompson,0,4,Lyman ,SC,http://www.wyff4.com/news/shooting-reported-at-upstate-nightclub-deputies-say/40230226;http://www.goupstate.com/article/20160627/articles/160629757
6/26/2016,Unknown,0,4,Bennettsville,SC,http://www.scnow.com/news/article_e1e75022-3c72-11e6-9186-5f8435ed0217.html;http://wpde.com/news/local/three-shot-at-nightclub-in-marlboro-county
6/27/2016,Bonifacio Oseguera-Gonzalez,3,1,Woodburn,OR,http://katu.com/news/local/deputies-responding-to-reports-of-shooting-in-rural-wilsonville-area-marion-county;http://koin.com/2016/06/27/possible-multiple-victims-in-marion-county-shooting/;http://www.ktvz.com/news/update-3-dead-in-woodburn-shooting-suspect-caught-in-gorge/40250158
6/28/2016,Unknown,1,3,Los Angeles,CA,http://losangeles.cbslocal.com/2016/06/29/deadly-shooting-willowbrook/;http://www.presstelegram.com/general-news/20160629/one-man-killed-three-wounded-in-shooting-in-unincorporated-willowbrook
6/28/2016,Unknown,0,6,Chicago (North Lawndale),IL,http://wgntv.com/2016/06/29/six-injured-in-north-lawndale-shooting/;http://chicago.cbslocal.com/2016/06/29/15-wounded-in-tuesday-shootings-across-chicago/
6/29/2016,Jason Hagan Dej-Odoum,5,0,Las Vegas,NV,http://www.washingtontimes.com/news/2016/jun/30/mom-3-kids-dad-dead-in-apparent-domestic-shooting-/;http://www.ccenterdispatch.com/news/state/article_4346971a-0b60-57a2-abda-c87a3faa3f11.html
6/30/2016,Unknown,1,4,Chicago (Washington Heights),IL,http://bnonews.com/news/index.php/news/id4724;http://abc7chicago.com/news/fire-officials-5-shot-1-fatally-in-washington-heights/1409401/
7/2/2016,Unknown,0,4,Providence,RI,http://www.abc6.com/story/32361633/police-four-people-shot-overnight;http://turnto10.com/news/local/four-people-shot-overnight-in-providence-07-02-2016
7/3/2016,Jaterrious Godfrey; Michael Oshea White Jr.,2,3,Monroe,LA,http://www.thenewsstar.com/story/news/local/2016/07/03/2-dead-3-injured-civic-center-shooting/86658074/;http://www.knoe.com/content/news/Monroe-Police-continues-its-investigation-of-Sunday-mornings-shooting-at-Monroe-Civic-Center-385387811.html;http://www.katc.com/story/32368590/man-charged-in-fatal-shooting-at-monroe-civic-center;http://www.thenewsstar.com/story/news/local/2016/07/06/2nd-arrest-made-civic-center-shooting/86785508/
7/3/2016,Unknown,0,4,Chattanooga,TN,http://www.timesfreepress.com/news/local/story/2016/jul/03/emergency-responders-scene-reported-shooting-glass-street/374262/;http://newschannel9.com/news/local/four-people-shot-on-daisy-street-in-chattanooga
7/4/2016,Unknown,0,7,New York (Brooklyn),NY,http://abc7ny.com/news/7-people-shot-during-july-4-barbecue-in-brooklyn/1413599/;http://www.ny1.com/nyc/all-boroughs/news/2016/07/5/seven-wounded-by-gunfire-at-brooklyn-party--man-in-custody.html
7/4/2016,Unknown,2,3,Chattanooga,TN,http://www.wdef.com/2016/07/05/two-people-killed-three-injured-overnight-shooting-chattanooga/;http://www.timesfreepress.com/news/local/story/2016/jul/05/five-people-arrive-chattanooga-area-hospitals-gunshot-wounds/374402/
7/4/2016,Unknown,0,4,Pittsburgh,PA,http://www.post-gazette.com/local/city/2016/07/04/Police-investigating-after-four-people-shot-Downtown-Pittsburgh/stories/201607040098;http://wrbl.com/2016/07/05/4-injured-in-shooting-following-fourth-of-july-fireworks-in-pittsburgh/
7/4/2016,Unknown,2,6,Phoenix,AZ,http://www.12news.com/news/local/valley/2-dead-4-hurt-in-south-phoenix-july-4th-shooting/264583287;http://www.beaumontenterprise.com/news/crime/article/The-Latest-2-dead-in-Phoenix-area-shooting-6-8341670.php
7/4/2016,Unknown,3,2,Houston,TX,http://abc13.com/news/five-shot-three-dead-in-shooting-near-downtown/1413472/;http://www.click2houston.com/news/police-4-people-shot-near-downtown
7/4/2016,Unknown,0,4,Cleveland,OH,http://www.cleveland.com/metro/index.ssf/2016/07/two_kids_two_women_injured_dur.html;http://www.newsnet5.com/news/local-news/oh-cuyahoga/two-children-shot-on-clevelands-west-side-shooter-remains-at-large
7/4/2016,Unknown,0,4,Chicago (Englewood),IL,http://www.fox32chicago.com/news/crime/169901696-story;http://abc7chicago.com/news/2-children-shot-on-south-side/1413783/
7/5/2016,Unknown,1,3,Los Angeles,CA,http://www.latimes.com/local/lanow/la-me-ln-shooting-fourth-july-20160705-snap-story.html;http://www.nbclosangeles.com/news/local/Several-Wounded-Shooting-South-Los-Angeles-385512571.html
7/5/2016,Unknown,2,2,Hiram,GA,http://abc3340.com/news/nation-world/gunman-kills-neighbor-wounds-2-others-before-barricading-himself-inside-ga-home;http://onlineathens.com/breaking-news/2016-07-06/authorities-1-dead-gunman-barricades-himself-inside-paulding-county-home
7/7/2016,Lakeem Keon Scott,1,4,Bristol,TN,http://wjhl.com/2016/07/07/shooting-investigation-in-bristol-tn-on-volunteer-parkway/;http://www.timesunion.com/news/crime/article/Police-Man-shoots-at-motorists-multiple-people-8345690.php;http://abcnews.go.com/US/tenn-shooting-suspect-possibly-motivated-recent-incidents-involving/story?id=40443106
7/7/2016,Unknown,0,4,Baton Rouge,LA,http://theadvocate.com/news/16335815-63/baton-rouge-police-4-shot-1-in-critical-condition-after-altercation-at-apartments-on-lobdell-avenue;http://www.ksla.com/story/32389960/brpd-says-4-shot-in-apartment-complex-parking-lot
7/7/2016,Micah X. Johnson,5,9,Dallas,TX,http://www.whas11.com/news/nation/14-people-shot-5-officers-killed-in-deadliest-event-for-police-since-911/267699187;http://5newsonline.com/2016/07/08/dallas-police-snipers-shoot-12-officers-2-civilians-5-dead/;http://www.nytimes.com/2016/07/09/us/dallas-police-shooting.html?_r=0
7/7/2016,Unknown,1,3,Shreveport,LA,http://www.ksla.com/story/32398934/1-dead-3-injured-in-drive-by-shooting-in-w-shreveport;http://www.wafb.com/story/32398934/1-dead-3-injured-in-drive-by-shooting-in-w-shreveport
7/11/2016,Larry Darnell Gordon,3,2,St. Joseph (Berrien Co.),MI,http://www.cnn.com/2016/07/11/us/michigan-courthouse-shooting/;http://ktla.com/2016/07/11/law-enforcement-officer-shot-outside-courthouse-in-michigan/;http://woodtv.com/2016/07/11/ex-wife-ids-berrien-county-courthouse-shooter/
7/11/2016,Unknown,0,4,Washington ,D.C.,https://www.washingtonpost.com/local/public-safety/four-people-shot-in-southeast-washington/2016/07/12/88e6d39e-4816-11e6-acbc-4d4870a079da_story.html;http://www.fox5dc.com/news/173107781-story
7/11/2016,Unknown,0,5,Baltimore,MD,http://www.nydailynews.com/news/national/wounded-gunfire-vigil-baltimore-shooting-victim-article-1.2707652;http://wtop.com/maryland/2016/07/gunman-fires-during-vigil-for-slain-baltimore-man-5-shot/
7/11/2016,Unknown,0,4,Jackson,MI,http://www.mlive.com/news/jackson/index.ssf/2016/07/4_victims_shot_in_the_head_one.html;http://www.fox47news.com/news/local-news/four-shot-in-drive-by-shooting-in-jackson-one-in-critical-condition
7/12/2016,Unknown,0,4,Tumwater ,WA,http://www.kiro7.com/news/local/at-least-3-shot-in-apparent-armed-robbery-in-tumwater/399135681;http://q13fox.com/2016/07/13/police-standoff-after-three-people-shot-in-tumwater-home/
7/13/2016,Unknown,0,5,Warner Robins,GA,http://www.13wmaz.com/news/local/five-injured-in-warner-robins-shooting/272573089;http://www.41nbc.com/2016/07/14/shooting-warner-robins-injures-five/
7/13/2016,Ex-boyfriend,2,2,St. Louis,MO,http://www.stltoday.com/news/local/crime-and-courts/two-killed-one-hospitalized-in-shooting-st-louis-police-officer/article_5d67a7d8-a554-5e26-b6ef-c77be9c191cf.html;http://www.kmov.com/story/32441632/2-dead-1-wounded-in-south-st-louis-shooting-officer-shot-by-suspect
7/14/2016,Unknown,0,4,Decatur,GA,http://www.11alive.com/news/local/decatur/manhunt-underway-after-bloody-home-invasion-in-decatur/272842549;http://www.ajc.com/news/news/crime-law/several-people-injured-in-shooting/nryBn/
7/14/2016,Unknown,1,3,Akron,OH,http://fox8.com/2016/07/15/1-killed-several-injured-in-shooting-during-vigil-for-murder-victim/;http://www.newsnet5.com/news/local-news/akron-canton-news/four-shot-two-dead-in-shooting-at-an-akron-vigil
7/14/2016,Unknown,3,1,Crosby,TX,http://www.click2houston.com/news/1-dead-2-others-injured-in-driveby-shooting-in-crosby-neighborhood-deputies-say;http://www.khou.com/news/crime/quadruple-shooting-at-crosby-home/274210655
7/14/2016,Unknown,0,4,Oakland,CA,http://www.nbcbayarea.com/news/local/Oakland-Shooting-Leaves-4-Wounded--386977871.html;http://kron4.com/2016/07/15/4-injured-in-shooting-near-west-oakland-bart-station/
7/15/2016,Brent W. Luyster,3,1,Woodland,WA,http://www.oregonlive.com/clark-county/index.ssf/2016/07/man_suspected_of_shooting_4_pe.html;http://www.kxl.com/three-dead-clark-county-shooting/
7/16/2016,Unknown,1,14,Bakersfield,CA,http://www.latimes.com/local/lanow/la-me-ln-14-shot-bakersfield-20160716-snap-story.html;http://ktla.com/2016/07/16/14-shot-in-drive-by-shooting-outside-party-in-south-bakersfield-sheriffs-dept/;http://www.ksby.com/story/32557429/bakersfield-shooting-that-wounded-14-claims-innocent-victim
7/16/2016,Unknown,0,5,Cleveland,OH,http://bnonews.com/news/index.php/news/id4902;http://www.cleveland.com/metro/index.ssf/2016/07/5_shot_outside_the_agora_multi.html
7/16/2016,Unknown,0,6,Clarksville,TN,http://www.newschannel5.com/news/local-news/6-injured-in-overnight-shooting-in-clarksville;http://www.theleafchronicle.com/story/news/2016/07/16/5-shot-clarksville/87173430/
7/16/2016,Unknown,0,5,Dallas,TX,http://www.dallasnews.com/news/crime/headlines/20160716-5-wounded-in-drive-by-on-same-dallas-corner-where-2-men-were-shot-a-week-ago.ece;https://www.facebook.com/SEDallasPoliceScanner/
7/16/2016,Unknown,0,4,San Bernardino,CA,http://ktla.com/2016/07/17/4-teens-shot-injured-outside-house-party-in-san-bernardino/;http://www.highlandnews.net/community/life/sb-police-ask-for-assistance-in-a-shooting/article_99573d10-4c3d-11e6-9243-6f7fc0177e88.html
7/17/2016,Gavin Eugene Long,4,3,Baton Rouge,LA,http://6abc.com/news/police-3-officers-killed-3-injured-in-baton-rouge-shooting/1430380/;http://www.nydailynews.com/news/national/multiple-baton-rouge-police-officers-killed-shooting-attack-article-1.2714761;http://www.cbsnews.com/news/baton-rouge-police-shooting-suspects-information/
7/17/2016,Unknown,0,4,Detroit,MI,http://www.clickondetroit.com/news/4-spectators-injured-in-shooting-at-illegal-drag-race-on-detroits-west-side;http://www.fox2detroit.com/news/local-news/175959411-story
7/17/2016,Unknown,1,4,Phenix City,AL,http://wrbl.com/2016/07/17/one-dead-four-injured-in-phenix-city-shooting/;http://www.ledger-enquirer.com/news/local/crime/article90205472.html
7/17/2016,Unknown,1,3,Houston,TX,http://www.chron.com/houston/article/Father-of-three-killed-while-walking-into-8382881.php;http://www.click2houston.com/news/man-shot-to-death-at-a-northeast-houston-walgreens
7/19/2016,Unknown,0,4,West Memphis,AR,http://wreg.com/2016/07/19/four-people-recovering-after-west-memphis-drive-by-shooting/;http://www.wmcactionnews5.com/story/32483894/4-people-shot-in-west-memphis-drive-by
7/20/2016,Unknown,0,4,Fresno,CA,http://www.yourcentralvalley.com/news/4-injured-in-shooting-at-fresno-apartment;http://www.yourcentralvalley.com/news/three-men-shot-a-fourth-wounded-by-shrapnel-in-se-fresno
7/20/2016,Toby Surrena,0,4,Cranfield,MS,http://www.wapt.com/news/central-mississippi/4-wounded-in-adams-county-shooting/40816104;http://www.wapt.com/news/central-mississippi/4-wounded-in-adams-county-shooting/40816104
7/21/2016,Unknown,0,5,Chicago (Austin),IL,http://chicago.suntimes.com/news/four-wounded-in-austin-shooting/;http://www.chicagotribune.com/news/local/breaking/ct-chicago-shootings-violence-20160721-story.html
7/22/2016,Unknown,0,5,Kankakee,IL,http://www.daily-journal.com/news/local/six-injured-in-two-separate-shootings/article_b04d9913-a3a9-5345-8dc2-d7567440f084.html;http://www.daily-journal.com/news/crime/th-non-fatal-shooting-in-kankakee-this-year/article_a3a01ba2-ca98-5610-a2ae-849445683bb5.html
7/23/2016,Unknown,2,2,Cincinnati (South Cumminsville),OH,http://www.wcpo.com/news/crime/homicide-unit-called-to-south-cumminsville-shooting;http://www.wlwt.com/news/2-dead-2-injured-in-west-side-shooting/40849512
7/23/2016,Alejandro Martinez,4,1,Bastrop,TX,https://www.reddit.com/r/GunsAreCool/comments/4uaupx/gun_owner_fatally_shoots_4_people_at_bastrop/?st=iqzv1oe9&sh=5e178d29;http://www.houstonchronicle.com/news/texas/article/5-dead-in-Texas-apartment-complex-shooting-8405379.php;http://keyetv.com/news/local/family-of-bastrop-shooting-victim-says-shooter-planned-attack
7/23/2016,Unknown,0,4,North Charleston,SC,http://counton2.com/2016/07/25/officers-investigating-north-charleston-nightclub-shooting/;http://www.journalscene.com/20160725/160729886/dcso-investigating-club-shooting-four-injured
7/23/2016,Unknown,0,4,New York (Brooklyn),NY,http://www.nydailynews.com/new-york/brooklyn/teen-girls-men-shot-brooklyn-housing-development-article-1.2723568;http://brooklyn.news12.com/news/2-teens-among-4-injured-in-east-new-york-shooting-1.12084732
7/24/2016,Mondale Goens,1,7,Hamilton,OH,http://www.wkyt.com/content/news/Multiple-people-shot-1-dead-at-Ohio-bar-388063442.html;http://wdtn.com/2016/07/24/1-man-dead-several-shot-at-hamilton-bar/;http://www.wlwt.com/news/arrest-made-in-fatal-hamilton-bar-shooting/40869238;http://www.morningjournalnews.com/page/content.detail/id/1226146/Man-accused-in-Ohio-bar-shooting-charged-with-murder.html?isap=1&nav=5020
7/25/2016,"Demetrius O'Neal, Derrick Church, Tajze Battle; Jazmin Barron",2,18,Fort Myers,FL,http://www.reuters.com/article/us-florida-shooting-idUSKCN1050U0;http://whnt.com/2016/07/27/3-arrested-after-ft-myers-club-shooting-1-has-ties-to-alabama-am/;http://www.nbc-2.com/story/32519233/2-dead-at-least-16-injured-in-shooting-at-fort-myers-club;http://www.winknews.com/2016/07/29/gun-related-arrest-made-in-connection-to-club-blu-shooting/
7/26/2016,Leonard Lockett,0,4,Panola,AL,http://www.al.com/news/birmingham/index.ssf/2016/07/4_injured_including_2_children.html;http://www.wbrc.com/story/32552559/man-arrested-after-4-shot-in-sumter-county
7/28/2016,Unknown,2,2,Chicago (Back of the Yards),IL,http://chicago.suntimes.com/news/police-woman-killed-3-wounded-in-back-of-the-yards-shooting/;http://abc13.com/news/shooting-allegedly-over-parking-space-kills-2-injures-2/1446778/
7/28/2016,Unknown,0,4,Baltimore,MD,http://www.baltimoresun.com/news/maryland/crime/bs-md-ci-shootings-20160728-story.html;http://archive.is/rPk8Z
7/28/2016,Zecary Banks (person of interest),0,5,Elmira,NY,http://www.twcnews.com/nys/binghamton/news/2016/07/28/police-investigate-elmira-bar-shooting.html;http://www.whec.com/news/elmira-pub-shooting/4214937/
7/29/2016,Tair Lawson,0,7,Athens ,GA,http://onlineathens.com/mobile/2016-07-30/seven-injured-athens-gang-shooting;http://www.ajc.com/news/news/crime-law/7-injured-in-gang-shooting/nr7Xg/;http://onlineathens.com/mobile/2016-07-31/athens-gang-member-nabbed-friday-shooting-injured-7-additional-suspects-sought
7/30/2016,Allen Ivanov,3,1,Mukilteo,WA,http://komonews.com/news/local/3-dead-1-wounded-in-shooting-during-party-in-mukilteo;http://www.nydailynews.com/news/crime/dead-shooting-small-washington-town-article-1.2732039;http://nypost.com/2016/07/30/3-dead-in-seattle-shooting/
7/30/2016,Thomas Comer - Victims included wife & their 2 children; perpetrator killed self,4,0,Bridgeton,MO,http://www.stltoday.com/news/local/crime-and-courts/four-family-members-found-dead-in-apparent-murder-suicide-in/article_ac7c8e10-95f0-5ca3-85ab-d03f3ee3e05e.html;http://stlouis.cbslocal.com/2016/07/30/four-shot-dead-in-bridgeton-home/;http://www.stltoday.com/news/local/crime-and-courts/depression-paranoia-cited-in-bridgeton-murder-suicide-that-left-four/article_9016ad4d-a30f-5808-a74a-65176c575750.html
7/30/2016,Unknown,0,5,St. Louis,MO,http://www.kmov.com/story/32581133/5-injured-following-late-night-shooting-in-st-louis-city;http://archive.is/IXMRY
7/30/2016,Unknown,0,5,Eulonia,GA,http://www.thedariennews.net/110056/1264/five-shot-at-eulonia-club;http://www.thebrunswicknews.com/news/local_news/shooting-in-eulonia-with-five-victims-still-under-investigation/article_8e6f6d98-a772-5aa1-ac98-b2a6e3486784.html
7/31/2016,Endicott McCray,1,4,Austin,TX,http://www.statesman.com/news/news/crime-law/ems-one-dead-in-active-shooter-situation-downtown/nr7fW/;http://keyetv.com/news/local/1-dead-4-injured-in-6th-street-shooting-overnight;http://www.cbs8.com/story/32582118/officials-1-dead-3-hospitalized-in-austin-shooting;http://www.mystatesman.com/news/news/crime-law/task-force-arrests-austin-downtown-shooting-suspec/nr9Nf/
7/31/2016,Unknown (boyfriend),3,1,Miami-Dade Co,FL,http://www.local10.com/news/mother-2-teens-killed-in-sw-miami-dade-quadruple-shooting;http://www.nbcmiami.com/news/local/3-Dead-12-Year-old-Boy-Hospitalized-in-SW-Miami-Dade-Quadruple-Shooting-Police-388775732.html
8/1/2016,Unknown,0,4,Evansville,IN,http://www.14news.com/story/32595546/four-teens-taken-to-hospital-after-evansville-shooting;http://www.wnem.com/story/32595546/four-teens-taken-to-hospital-after-evansville-shooting
8/2/2016,Unknown,0,4,Hollywood (West Park),FL,http://www.local10.com/news/crime/multiple-people-injured-in-west-park-shooting;http://mtstandard.com/news/national/police-targeted-shooting-at-florida-apartments-wounds/article_ece7daf0-d947-5fea-87de-74d292e5e26e.html
8/3/2016,Unknown,0,4,Killeen,TX,http://www.kswo.com/story/32606484/4-hurt-in-killeen-nightclub-shooting-police-looking-for-suspects;http://www.kwtx.com/content/news/Early-morning-shooting-in-Killeen-sends-two-to-hospital--389035351.html
8/3/2016,Unknown,1,3,Decatur,GA,http://www.ajc.com/news/news/crime-law/at-least-1-person-killed-3-injured-in-shooting/nr8yz/;http://www.11alive.com/news/local/15-year-old-girl-killed-in-overnight-shooting-2-others-wounded/286614490
8/4/2016,Unknown,0,4,Memphis,TN,http://wreg.com/2016/08/04/four-people-injured-in-north-memphis-shooting/;http://www.wmcactionnews5.com/story/32682537/4-injured-in-north-memphis-shooting
8/5/2016,Unknown,2,2,Mead Valley,CA,http://www.pe.com/articles/others-809880-early-wounded.html;http://ktla.com/2016/08/05/2-dead-2-hospitalized-following-assault-with-deadly-weapon-report-in-mead-valley/
8/5/2016,Unknown,1,3,Pontiac,MI,http://www.mlive.com/news/detroit/index.ssf/2016/08/teen_visiting_from_tennessee_d.html;http://www.detroitnews.com/story/news/local/oakland-county/2016/08/07/pontiac-drive-shooting/88366566/
8/6/2016,Mark Short,5,0,Reading (Sinking Spring),PA,http://www.nbcphiladelphia.com/news/local/Dead-Murder-Suicide-Berks-County-389398512.html;http://www.readingeagle.com/news/article/police-investigating-murder-suicide-in-sinking-spring&template=mobileart
8/6/2016,Unknown,0,5,St. Louis,MO,http://www.ozarksfirst.com/news/five-injured-in-missouri-night-club-shooting;http://www.kwwl.com/story/32702969/2016/08/07/five-are-injured-after-a-shooting-in-st-louis
8/7/2016,"Brandon Karr, Rojelio Heredia",2,2,Denver (Arvada),CO,http://www.thedenverchannel.com/news/local-news/4-shot-2-dead-in-shooting-off-sheridan-blvd-south-of-i-76-in-adams-county;http://www.dailyprogress.com/people-shot-killed-in-adams-county-shooting/article_3fe4cfb8-59c5-5882-8fb8-2e0958fe7cae.html;http://www.denverpost.com/2016/08/07/two-killed-two-more-injured-in-adams-shooting/
8/7/2016,Unknown,0,4,Chicago (West Garfield Park),IL,http://chicago.suntimes.com/news/4-wounded-1-critically-in-west-garfield-park-shooting/;http://abc7chicago.com/news/5-killed-36-wounded-in-weekend-shootings-across-chicago/1460364/
8/7/2016,Unknown,1,3,Vicksburg,MS,http://wjtv.com/2016/08/07/multiple-people-shot-in-warren-county/;http://www.msnewsnow.com/story/32702963/four-people-shot-outside-store-in-warren-county;http://www.vicksburgpost.com/2016/08/07/four-wounded-in-sunday-morning-shooting/
8/8/2016,Unknown,0,7,Jacksonville,FL,http://www.news4jax.com/news/crime/six-people-shot-at-eureka-gardens-on-westside;http://jacksonville.com/news/crime/2016-08-08/story/police-3-men-shoot-7-victims-late-sunday-eureka-garden-apartments
8/8/2016,Leonzo Bufford,2,2,Cleveland,OH,http://www.newsnet5.com/news/local-news/oh-cuyahoga/one-dead-in-cleveland-double-shooting-and-murder;http://www.cleveland.com/elyria/index.ssf/2016/08/elyria_man_killed_girlfriend_s.html
8/8/2016,Unknown,1,3,Los Angeles,CA,http://abc7.com/news/25-year-old-woman-killed-3-wounded-in-south-la-shooting/1461449/;http://losangeles.cbslocal.com/2016/08/07/1-dead-multiple-others-wounded-in-wild-shootout-large-fight-in-south-la/
8/8/2016,Unknown,1,3,Austin,TX,http://www.statesman.com/news/news/crime-law/police-woman-dead-3-people-injured-after-shooting-/nsCTK/;http://kxan.com/2016/08/08/one-dead-two-injured-in-north-austin-shooting/
8/8/2016,Unknown,2,2,Albuquerque,NM,http://www.kob.com/albuquerque-news/2-dead-others-wounded-in-ne-albuquerque-shooting/4227932/;http://www.koat.com/news/2-dead-2-injured-in-ne-albuquerque-shooting/41116738
8/9/2016,Unknown,0,4,Chicago (Evanston),IL,http://www.chicagotribune.com/suburbs/evanston/crime/ct-evr-shooting-probe-tl-0818-20160810-story.html;http://abc7chicago.com/news/4-shot-in-evanston/1464124/
8/10/2016,Unknown,1,3,Sacramento,CA,http://www.sacbee.com/news/local/crime/article95040077.html;http://www.kcra.com/news/local-news/news-sacramento/1-killed-3-hurt-in-shooting-in-south-sacramento-neighborhood/41154000
8/11/2016,Unknown,0,4,Philadelphia,PA,http://philadelphia.cbslocal.com/2016/08/12/6-year-old-boy-in-critical-condition-after-shootout-in-germantown/;http://www.nbcphiladelphia.com/news/local/Boy-Shot-10-Times-in-Germantown-Doing-Better-Shooters-Still-at-Large-390501901.html
8/12/2016,Unknown,1,3,Dallas,TX,http://www.wfaa.com/news/four-shot-one-dead-in-robbery-turned-shooting/295815999;http://www.dallasnews.com/news/crime/headlines/20160812-man-killed-3-wounded-in-shooting-at-motel-6-in-lake-highlands.ece
8/12/2016,Unknown,1,3,Jacksonville,FL,http://jacksonville.com/news/crime/2016-08-12/story/teen-shot-3-injured-friday-night-shooting-jacksonvilles-brentwood-area;http://jacksonville.com/news/crime/2016-08-19/story/victim-seriously-injured-jacksonville-quadruple-shooting-recovering
8/13/2016,Unknown,0,4,New York (Queens),NY,http://www.nydailynews.com/new-york/nyc-crime/queens-hookah-bar-shooting-leaves-wounded-gunmen-crash-car-article-1.2749719;http://qns.com/story/2016/08/15/cops-cuff-two-men-shooting-four-patrons-outside-richmond-hill-hookah-lounge/
8/13/2016,Unknown,2,2,Milwaukee,WI,http://www.cbs58.com/story/32751562/milwaukee-police-investigate-five-overnight-homicides;http://www.tmj4.com/news/local-news/multiple-shootings-murders-in-milwaukee-overnight
8/13/2016,Tom S. Mourning III,0,6,Joplin,MO,http://www.ky3.com/content/news/390128252.html;http://gazette.com/missouri-man-charged-with-shooting-at-vehicles-wounding-6/article/feed/385336
8/13/2016,Unknown,0,4,Los Angeles,CA,http://abc7.com/news/4-hospitalized-in-south-la-shooting;-suspect-sought/1469388/
8/14/2016,Unknown,0,5,Minneapolis,MN,http://kstp.com/news/five-injured-north-minneapolis-shooting/4233326/;http://minnesota.cbslocal.com/2016/08/14/north-minneapolis-shooting-5-shot/
8/14/2016,Unknown,0,4,Norfolk,VA,http://pilotonline.com/news/local/injured-in-norfolk-shooting/article_9eec8140-7aeb-5124-a1dd-44ad6417f7b0.html;http://wtkr.com/2016/08/14/three-people-injured-in-norfolk-shooting/
8/17/2016,Unknown,0,4,Oakland,CA,http://www.sfgate.com/crime/article/Multiple-gunshots-hit-teenager-and-3-men-on-9171040.php?cmpid=reddit-desktop;http://kron4.com/2016/08/18/5-people-shot-overnight-in-oakland-1-treated-for-critical-brain-injury/
8/18/2016,Unknown,0,4,Waterbury,CT,http://www.rep-am.com/articles/2016/08/18/ap-state-ct/12166f40ec83478ea5f62ae6a55f9902.txt;http://www.norwichbulletin.com/news/20160818/4-injured-in-shooting-outside-waterbury-bar
8/18/2016,Unknown,1,3,Kansas City,MO,http://www.kansascity.com/news/local/crime/article96575472.html;http://www.kshb.com/news/crime/one-dead-three-injured-in-kansas-city-shooting
8/18/2016,Jason Huston,3,1,Hermiston,OR,http://www.eastoregonian.com/eo/local-news/20160818/coach-teen-dead-in-hermiston-woman-shot;http://www.oregonlive.com/pacific-northwest-news/index.ssf/2016/08/2_high_school_coaches_killed_i.html
8/20/2016,Unknown,2,2,Los Angeles,CA,http://ktla.com/2016/08/20/2-dead-2-injured-in-canoga-park-club-shooting-lapd/;http://abc7.com/news/2-killed-in-attempted-robbery-at-canoga-park-gentlemens-club/1477552/
8/20/2016,Unknown,0,5,Tacoma,WA,http://komonews.com/news/local/police-5-people-injured-in-tacoma-shooting;http://q13fox.com/2016/08/20/5-shot-in-downtown-tacoma-police-investigating/;
8/20/2016,Unknown,0,4,Hamden,CT,http://www.nbcconnecticut.com/news/local/Hamden-Police-Investigating-Overnight-Shooting-390788792.html;http://www.courant.com/breaking-news/hc-hamden-shooting-0821-20160820-story.html
8/20/2016,Unknown,0,4,Boston (Dorchester),MA,https://www.bostonglobe.com/metro/2016/08/21/people-hospitalized-following-dorchester-shooting/cRmy7ObqicBEdg5VVRGvtK/story.html;http://www.masslive.com/news/boston/index.ssf/2016/08/3_wounded_at_least_1_criticall.html 
8/20/2016,Derrick Dearman,6,0,Citronelle,AL,http://local15tv.com/news/local/homicide;http://wkrg.com/2016/08/20/5-people-killed-in-gruesome-homicide-including-pregnant-woman/;http://www.al.com/news/mobile/index.ssf/2016/08/derrick_dearman_used_an_ax_dur.html
8/21/2016,Unknown,0,13,Bridgeport,CT,http://www.nydailynews.com/news/national/13-people-shot-bridgeport-house-party-article-1.2759819;http://abc7ny.com/news/13-people-wounded-in-shooting-at-house-party-in-bridgeport/1478459/;http://www.northjersey.com/news/teen-sought-in-shooting-at-new-jersey-home-that-injured-5-1.1651399
8/25/2016,Brian Pineda,0,5,Bridgeton,NJ,http://www.nj.com/cumberland/index.ssf/2016/08/teen_at_large_after_shotgun_shooting_that_injured.html;http://www.northjersey.com/news/teen-sought-in-shooting-at-new-jersey-home-that-injured-5-1.1651399
8/27/2016,Unknown,2,4,Miami,FL,http://www.local10.com/news/crime/while-honoring-gun-violence-victim-shooting-leaves-2-dead-4-wounded;http://www.nbcmiami.com/news/local/Miami-Dade-Police-Investigate-Deadly-Shooting-at-Home-Gathering-391497961.html
8/27/2016,"Jimmy Williams, Samarjay Leshore",1,6,Brighton,AL,http://abc3340.com/news/local/woman-says-man-killed-in-brighton-shooting-saved-lives-of-grandchildren;http://www.wvtm13.com/news/several-shot-in-brighton-park-saturday-evening/41403070;http://www.al.com/news/birmingham/index.ssf/2016/08/father_and_son_sought_in_brigh.html
8/28/2016,Unknown,0,4,New York (Bronx),NY,http://pix11.com/2016/08/28/4-men-injured-after-bronx-shooting-nypd/;http://www.nbcnewyork.com/news/local/Shooting-4-Injured-Bronxchester-Houses--391539601.html
8/28/2016,Unknown,2,2,St. Louis,MO,http://stlouis.cbslocal.com/2016/08/28/three-shot-two-dead-on-south-grand/;http://www.ksdk.com/news/two-women-dead-two-men-injured-in-south-st-louis-shooting/309768469
8/28/2016,Maurice Jones,0,5,Dadeville,AL,http://www.wsfa.com/story/32857765/early-morning-shooting-in-dadeville-leaves-5-injured-2-listed-in-critical-condition;http://www.wnem.com/story/32857765/early-morning-shooting-in-dadeville-leaves-5-injured-2-listed-in-critical-condition;http://www.alexcityoutlook.com/2016/09/08/goodwater-man-arrested-in-dadeville-shooting-of-5/
8/28/2016,Unknown,0,6,Lubbock,TX,http://kfyo.com/lubbock-robbery-shooting-8-28-16/;http://www.everythinglubbock.com/news/kamc-news/several-injured-in-central-lubbock-shooting
8/28/2016,Unknown,2,2,Fayetteville,NC ,http://www.wral.com/police-2-dead-after-fayetteville-shooting/15967547/;http://www.fayobserver.com/news/crime_courts/fayetteville-police-id-double-homicide-other-shooting-victims/article_0cc770cc-e1b8-5340-8ca2-758df0a09f2b.html
8/29/2016,Unknown,1,4,Egg Harbor,NJ,http://www.nj.com/atlantic/index.ssf/2016/08/man_injured_at_wawa_shooting_in_south_jersey_repor.html;http://philadelphia.cbslocal.com/2016/08/29/police-at-least-2-injured-in-egg-harbor-township-shooting/
8/29/2016,Unknown (Murder-Suicide; 4 victims were adults with developmental disabilities),4,0,Temecula,CA,http://patch.com/california/temecula/four-shot-arson-suspected-new-details-released-deadly-temecula-care-facility;http://people.com/crime/california-fire-adult-care-disabilities-murder-suicide/
8/30/2016,Unknown,0,4,Chicago (West Englewood),IL,http://chicago.suntimes.com/news/4-wounded-in-west-englewood-shooting/;https://www.dnainfo.com/chicago/20160831/englewood/englewood-shootings-wound-2-teens-police-say
8/30/2016,Unknown,0,4,Atlanta,GA,http://www.wsbtv.com/news/local/atlanta/four-people-including-child-shot-in-northeast-atlanta/433221988;http://www.ajc.com/news/news/crime-law/kids-hurt-in-possible-retaliation-for-club-crucial/nsPsP/
8/31/2016,Unknown,0,4,Clinton,NC ,http://abc11.com/news/four-injured-in-clinton-shooting/1492411/;https://clintonnc.com/news/12608/clinton-shooting-injures-four-investigation-launched
9/3/2016,Unknown,0,4,Chicago (West Town),IL,https://www.dnainfo.com/chicago/20160903/west-town/west-town-shooting-wounds-4-men-police-say;http://www.chicagotribune.com/news/local/breaking/ct-chicago-violence-labor-day-friday-20160902-story.html
9/3/2016,Unknown,0,4,Wilmington,NC ,http://www.wect.com/story/33009781/shooting-on-n-30th-st-leaves-several-injured?sf35075779=1;http://www.wwaytv3.com/2016/09/03/several-hurt-in-creekwood-shooting/
9/4/2016,Jermaine Leonard Brown,1,10,Roanoke,VA,http://wsls.com/2016/09/04/roanoke-city-police-investigating-early-morning-shooting/;http://wric.com/2016/09/04/update-1-killed-10-injured-after-roanoke-nightclub-shooting/;http://wfirnews.com/local-news/update-1-dead-10-injured-in-roanoke-city-shooting
9/5/2016,Unknown,2,2,Des Moines,IA,http://www.desmoinesregister.com/story/news/crime-and-courts/2016/09/05/1-dead-following-overnight-shooting-clive-event-center/89879632/;http://www.hastingstribune.com/dead-several-injured-in-clive-event-center-shooting/article_0055de6b-74d2-5633-b6e1-ad00db5d8686.html
9/5/2016,Unknown (two victims were juveniles),0,4,Reading,PA,http://www.wfmz.com/news/news-regional-berks/4-people-reported-wounded-in-driveby-shooting/41523544;http://www.onenewspage.us/video/20160906/5463155/people-wounded-by-gunfire-in-Reading.htm
9/5/2016,Unknown,2,3,Chicago (Lawndale),IL,http://chicago.suntimes.com/news/police-2-dead-3-wounded-in-lawndale-shooting/;http://www.fox32chicago.com/news/crime/202485294-story
9/8/2016,"Anthony James Camden, Stephon Harris",1,4,Hot Springs,AR,http://www.arkansasonline.com/news/2016/sep/09/1-arrested-1-sought-after-5-shot-hurt-arkansas-pol/?f=crime;http://katv.com/news/local/victim-dies-in-hot-springs-shooting
9/9/2016,Unknown,4,0,Austin (Del Valle),TX,http://www.twcnews.com/tx/austin/news/2016/09/8/authorities-investigate-deadly-del-valle-house-fire.html;http://kxan.com/2016/09/08/firefighters-battling-flames-at-del-valle-house-fire/
9/10/2016,Unknown,1,3,Miami,FL,http://wsvn.com/news/local/4-shot-1-possible-fatality-at-miami-nightclub/;http://www.local10.com/news/crime/1-killed-3-wounded-in-shooting-outside-miami-nightclub
9/11/2016,Kelvin Clark,0,7,Kansas City,MO,http://www.kshb.com/news/local-news/six-shot-one-critical-in-westport-shooting;http://www.kmbc.com/news/6-people-shot-in-westport/41617776;http://www.kansascity.com/news/local/crime/article101333207.html
9/11/2016,Unknown,0,5,Saginaw,MI,http://m.nydailynews.com/news/national/5-shot-saginaw-valley-state-university-article-1.2787316;http://www.clickondetroit.com/news/active-shooter-situation-at-saginaw-valley-state-university
9/11/2016,Unknown,1,3,Jersey City,NJ,http://www.nj.com/hudson/index.ssf/2016/09/1_dead_multiple_injured_in_jersey_city_shooting_so.html;http://newyork.cbslocal.com/2016/09/11/jersey-city-fatal-shooting/
9/11/2016,Unknown,0,5,New Bern,NC ,http://www.wcti12.com/news/reports-of-shooting-at-club-in-new-bern/77421431;http://www.tmz.com/2016/09/11/rich-homie-quan-entourage-shooting/
9/11/2016,Unknown,1,3,Birmingham,AL,http://www.al.com/news/birmingham/index.ssf/2016/09/multiple_people_possibly_shot.html;http://www.al.com/news/birmingham/index.ssf/2016/09/police_say_4_victims_shot_not.html#incart_river_home
9/11/2016,Unknown,1,5,New Orleans,LA,http://www.theadvocate.com/new_orleans/news/crime_police/article_af925ecc-7887-11e6-afe9-f71b4bd8cefc.html;http://www.wdsu.com/news/nopd-at-least-5-injured-in-central-city-shooting/41624096
9/11/2016,"Marcus Dansby (victims included girlfriend, baby)",4,1,Fort Wayne,IN,http://wane.com/2016/09/11/stabbing-shooting-deaths-of-family-members-unborn-baby-rules-homicides/;http://www.timesunion.com/news/crime/article/Fort-Wayne-police-3-dead-1-hurt-after-report-of-9216825.php
9/12/2016,Unknown,3,2,Fort Wayne ,IN,http://www.wlky.com/news/Police-3-dead-2-hurt-following-shooting-at-Fort-Wayne-bar/41643152;http://www.journalgazette.net/news/local/police-fire/Bar-shooting-leaves-3-dead2016-09-13T03-35-10
9/14/2016,Larry Rosenberg,2,2,Cheyenne,WY,http://www.kgwn.tv/content/news/Deadly-Cheyenne-shooting-update-Suspect-knew-victims-393588701.html;http://www.kgwn.tv/content/news/Cheyenne-Shooting---Update-393442511.html
9/14/2016,Unknown (victims included 20-yr-old mother),1,3,Houston,TX,http://abc13.com/news/young-woman-dead-3-injured-in-drive-by-shooting/1512345/;https://twitter.com/CourtneyABC13/status/776352107221835776
9/16/2016,Unknown,2,2,Los Angeles (Hollywood),CA,http://abc7.com/news/multiple-people-injured-in-east-hollywood-shooting/1515273/;http://ktla.com/2016/09/16/multiple-people-shot-in-east-hollywood-at-least-1-dead-more-critically-injured-lapd/
9/16/2016,Nicholas Glenn (victims included 2 police officers),2,5,Philadelphia,PA,http://www.usatoday.com/story/news/nation/2016/09/17/philadelphia-police-officers-shootout/90565640/;http://www.cnn.com/2016/09/17/us/philadelphia-gunman-shot-dead/
9/16/2016,Martin Craig Fleece (victims included father & 2 police officers; perpetrator committed suicide),2,2,Forth Worth,TX,http://www.newswest9.com/story/33116163/two-texas-officers-shot-responding-to-911-call-suspect-reportedly-dead;http://www.nbcdfw.com/news/national-international/Two-Fort-Worth-Officers-Shot-393793381.html
9/17/2016,Unknown,1,6,Orlando,FL,http://www.orlandosentinel.com/news/breaking-news/os-7-shot-columbia-street-20160917-story.html;http://www.wftv.com/news/local/1-dead-6-hurt-in-orlando-shooting/446868108
9/17/2016,"Michael Melon, Dontavious Byrd, Travonte Berry (all six victims were juveniles)",0,6,Miami,FL,http://miami.cbslocal.com/2016/09/19/exclusive-mother-describes-terrifying-shooting-at-sweet-16-party/;http://www.local10.com/news/crime/6-teens-shot-at-party-in-southwest-miami-dade
9/17/2016,Unknown,2,2,Indianapolis,IN,http://www.wthr.com/article/impd-on-the-scene-of-a-fatal-shooting-on-citys-nw-side;http://cbs4indy.com/2016/09/17/two-found-dead-on-citys-northwest-side/
9/17/2016,Unknown,2,7,Washington ,DC,http://www.nbcwashington.com/news/local/Shooting-in-Southeast-DC-393848481.html;http://www.washingtontimes.com/news/2016/sep/18/southeast-shootout-leaves-2-dead-7-wounded-saturda/
9/18/2016,Unknown,1,3,Lynchburg,VA,http://www.richmond.com/news/virginia/article_1ac71b06-bd96-5257-be5e-10f98c99a902.htm;http://www.washingtontimes.com/news/2016/sep/18/1-dead-3-injured-in-lynchburg-shooting/
9/18/2016,Unknown,0,4,Philadelphia (Port Richmond),PA,http://www.philly.com/philly/news/20160919_Philly_marks_second_mass_shooting_in_two_days.html;http://6abc.com/news/man-shot-10-times-in-port-richmond-shooting/1516273/
9/18/2016,Unknown,0,4,Lincoln Heights,OH,http://www.wcpo.com/news/crime/2-shot-2-crime-scenes-in-lincoln-heights;http://www.wlwt.com/news/-police-multiple-people-shot-in-lincoln-heights/41720446
9/18/2016,Unknown,0,4,Pittsburgh,PA,http://www.wpxi.com/news/police-investigating-after-4-people-shot-in-pittsburgh-neighborhood/447338282;http://www.post-gazette.com/local/city/2016/09/19/Four-people-shot-Sunday-on-the-North-Side/stories/201609180210
9/19/2016,Unknown,1,3,Jackson,MS,http://www.wdam.com/story/33134085/multiple-victims-in-lynch-shooting;http://wjtv.com/2016/09/20/1-dead-3-others-injured-in-lynch-street-shooting/
9/23/2016,Arcan Cetin (victims included one juvenile),5,0,Burlington,WA,http://www.cnn.com/2016/09/23/us/washington-mall-shooting/;http://www.seattletimes.com/seattle-news/crime/authorities-looking-for-gunman-in-burlington/
9/23/2016,"Tyson Oglesby, Derrick Stafford",1,3,Nashville,TN,http://wkrn.com/2016/09/23/2-hurt-in-south-nashville-shooting/;http://wkrn.com/2016/09/24/man-charged-after-injuring-3-in-south-nashville-shootout/
9/23/2016,Unknown,0,4,Houston,TX,http://abc13.com/news/four-people-shot-in-northeast-houston/1524712/;http://cw39.com/2016/09/24/4-shot-in-ne-houston-during-robbery-2-in-critical-condition/
9/24/2016,Unknown (victims included 3-yr-old child),0,8,Baltimore,MD,http://bnonews.com/news/index.php/news/id5174;https://www.rt.com/usa/360534-baltimore-east-mass-shooting/
9/25/2016,Robbie Patton,1,4,Champaign,IL,http://www.wjbdradio.com/local-news/2016/09/25/5-shot-1-killed-after-argument-at-champaign-party;http://wane.com/2016/09/25/police-5-shot-1-dead-after-fight-at-illinois-campus-party/
9/26/2016,"Nathan Desai (perpetrator was disgruntled worker, CCW permit holder)",1,6,Houston,TX,http://www.cnn.com/2016/09/26/us/houston-shooting/;http://www.nytimes.com/2016/09/27/us/gunman-houston-mall.html?_r=0;http://www.chron.com/neighborhood/bellaire/article/A-day-later-what-we-know-about-Nathan-Desai-9290907.php
9/26/2016,Jaquan Deshawn Gore,0,4,Winston-Salem,NC ,http://www.journalnow.com/news/local/drive-by-leaves-injured/article_0a47a176-842f-11e6-aaf0-73fc9c8bb1d4.html;http://www.journalnow.com/news/crime/police-arrest-winston-salem-man-in-connection-with-monday-s/article_d4b32b79-b8ee-5d04-96ed-3fbb8d323a35.html
9/26/2016,Timothy Caston (all four victims were juveniles),0,4,Houston (Humble),TX,http://www.click2houston.com/news/3-children-shot-in-humble;http://abc13.com/news/life-flight-called-after-two-children-shot-in-humble/1527813/;http://www.khou.com/news/local/man-arrested-in-shooting-that-wounded-4-humble-kids/328891337
9/28/2016,14-year-old boy (victims included father and two children),2,2,Townville,SC,http://www.nydailynews.com/news/national/police-respond-shooting-report-south-carolina-school-article-1.2810383;http://www.independentmail.com/story/news/local/2016/10/01/jacob-hall-6-dies-after-townville-shooting/91395390/
9/29/2016,Unknown,1,3,San Francisco,CA,http://www.sfgate.com/crime/article/1-killed-3-injured-in-San-Francisco-Tenderloin-9442737.php;http://www.sfexaminer.com/one-killed-three-injured-early-morning-tenderloin-shooting/
9/30/2016,Qumari Spencer (victims included two juveniles),3,1,Minneapolis,MN,http://www.startribune.com/police-investigate-homicide-in-wenonah-neighborhood/395409531/;http://www.duluthnewstribune.com/news/crime/4126624-3-dead-one-injured-minneapolis-apartment-shooting
10/1/2016,Unknown,4,0,Pembroke Twp.,IL,http://www.daily-journal.com/news/crime/shot-to-death-in-pembroke-township/article_74e4bb47-8f8d-5c1a-97dd-fe651adbdf26.html;http://www.fox32chicago.com/news/crime/209316796-story
10/1/2016,Keith Davis,4,0,Bucksport,SC,http://wbtw.com/2016/10/01/shooting-kills-three-in-bucksport/;http://www.myrtlebeachonline.com/news/local/crime/article105412401.html;http://www.myrtlebeachonline.com/news/local/crime/article105549176.html
10/1/2016,Unknown,2,2,Cincinnati ,OH,http://www.cincinnati.com/story/news/crime/2016/07/23/police-2-dead-millvale-shooting/87473300/
10/1/2016,Unknown,0,4,Fresno,CA,http://www.fresnobee.com/news/local/crime/article105501566.html
10/2/2016,Unknown,1,4,San Antonio,TX,http://news4sanantonio.com/news/local/woman-dead-four-others-injured-in-overnight-drive-by-shooting;http://www.kens5.com/news/local/five-injured-in-drive-by-shooting-on-citys-south-side/328391574
10/3/2016,Unknown,0,4,Minneapolis,MN,http://www.cnn.com/2016/10/03/us/minneapolis-shootings/index.html;http://www.wday.com/news/minnesota/4127977-least-6-hurt-2-downtown-minneapolis-shootings
10/4/2016,Unknown,3,2,New Orleans,LA,http://www.wwltv.com/news/crime/shooting-in-mid-city-leaves-3-dead-2-injured/329083551;http://www.theadvocate.com/new_orleans/news/crime_police/article_55ab80ba-8aa6-11e6-a554-0f169b250824.html
10/8/2016,Unknown,0,4,New York (Brooklyn),NY,http://abc7ny.com/news/4-shot-in-dispute-outside-bay-ridge-deli/1545581/;http://www.nydailynews.com/new-york/nyc-crime/masked-gunmen-wound-4-brooklyn-bodega-attack-article-1.2822607
10/9/2016,Unknown,1,8,Grand Rapids,MI,http://www.wzzm13.com/news/local/grand-rapids-south/grand-rapids-police-respond-to-shooting-with-multiple-victims/331772322;http://woodtv.com/2016/10/09/one-dead-several-hurt-in-grand-rapids-shooting/
10/9/2016,Unknown,1,3,Sacramento,CA,http://www.kcra.com/news/local-news/news-sacramento/3-injured-1-dead-following-shooting-outside-nightclub/42031436;http://sacramento.cbslocal.com/2016/10/09/four-men-shot-one-dead-this-morning-at-a-sacramento-club/
10/13/2016,"Larry Zamora (victims included wife & child, perpetrator committed suicide)",2,2,Tulare,CA,http://abc30.com/news/tulare-county-woman-and-9-month-old-child-critically-injured-in-shooting/1553343/;http://www.ksby.com/story/33387991/sheriff-man-barricaded-in-california-home-kills-himself;http://www.recorderonline.com/features/mother-holding-baby-in-tulare-shooting-dies/article_5b96608c-a318-11e6-ba9f-8f2422e5a5b9.html
10/13/2016,Unknown,0,4,Chicago (East Garfield Park),IL,http://chicago.suntimes.com/news/at-least-three-shot-in-east-garfield-park/;http://chicago.cbslocal.com/2016/10/14/2-killed-9-wounded-in-thursday-shootings-across-chicago/
10/14/2016,Unknown,1,6,Chicago (West Garfield Park),IL,http://abc7chicago.com/news/1-killed-6-wounded-in-west-garfield-park-shooting/1556505/;http://wgntv.com/2016/10/15/at-least-4-killed-more-than-a-dozen-injured-in-shootings-to-start-weekend/
10/15/2016,"Mowayne McKay, Diego Reid",4,11,Los Angeles,CA,http://abc7.com/news/3-dead-12-others-wounded-in-west-la-shooting/1556629/;http://patch.com/california/los-angeles/2-arrested-connection-west-adams-shooting-left-3-dead-12-injured-lapd;http://abc7.com/news/4th-person-dies-in-west-adams-house-party-shooting/1559362/
10/15/2016,Unknown,1,5,Rockford,IL,http://www.rrstar.com/news/20161015/1-dead-5-others-shot-at-clock-tower-party-in-rockford;http://www.wifr.com/content/news/One-dead-and-five-injured-in-shooting-at-the-Clock-Tower-397182351.html
10/15/2016,Unknown (victims included 1 juvenile),0,5,Mobile,AL,http://www.wsfa.com/story/33399857/mpd-5-people-hurt-in-housing-complex-shootings;http://local15tv.com/news/local/mobile-police-investigate-second-shooting-in-less-than-24-hours-on-st-stephens-road
10/17/2016,Unknown (victims included 13-yr-old boy),1,4,Chicago (West Englewood),IL,http://wgntv.com/2016/10/17/1-killed-4-wounded-in-west-englewood-shooting/;http://www.nbcchicago.com/news/local/Multiple-People-Shot-Several-Ambulances-Called-to-Scene-of-Chicago-Shooting-397390681.html
10/18/2016,Unknown (victims were all teens),0,4,San Francisco,CA,http://sanfrancisco.cbslocal.com/2016/10/18/san-francisco-shooting-puts-school-on-lockdown/;http://www.sfexaminer.com/june-jordan-high-school-lockdown-due-police-activity/
10/18/2016,Unknown,1,3,Huntsville,AL,http://whnt.com/2016/10/19/four-people-critically-injured-in-huntsville-shooting-police-investigating/;http://www.al.com/news/huntsville/index.ssf/2016/10/4_in_critical_condition_follow.html
10/21/2016,Unknown,0,4,Houston,TX,http://www.chron.com/news/houston-texas/article/Drive-by-shooting-injures-4-in-north-Houston-10124520.php;http://www.khou.com/news/crime/four-people-injured-in-drive-by-shooting-in-n-houston/340104787
10/22/2016,Unknown,0,7,Oakland,CA,http://www.sfgate.com/news/article/Multiple-wounded-in-East-Oakland-shooting-10145681.php;http://abc7news.com/news/oakland-shooting-leaves-7-victims-wounded/1569019/
10/23/2016,"Michael Vance (victims included perpetrator's aunt and uncle who were killed, 2 officers who were wounded)",2,5,Wellston,OK,http://abcnews.go.com/US/manhunt-underway-oklahoma-suspect-double-homicide-shooting-police/story?id=43009487;http://ktla.com/2016/10/24/man-wanted-in-deadly-oklahoma-rampage-may-try-to-spread-disease-police-warn/
10/25/2016,Getachew Fekede (perpetrator killed himself),2,3,Roanoke,VA,http://wvtf.org/post/two-dead-workplace-shooting-roanoke#stream/0;http://www.wdbj7.com/content/news/Shooting-reported-on-Campbell-Ave-in-Roanoke-398317061.html
10/25/2016,Unknown (victims included 2-yr-old girl who was killed),1,3,Columbus,OH,http://www.10tv.com/article/2-year-old-killed-3-others-injured-southwest-columbus-shooting;http://nbc4i.com/2016/10/25/four-shot-in-southwest-columbus/
10/25/2016,Unknown,1,3,Dayton,OH,http://www.washingtontimes.com/news/2016/oct/26/police-shooting-kills-man-injures-3-others-in-sw-o/;http://wdtn.com/2016/10/26/2-persons-of-interest-arrested-in-connection-to-deadly-quadruple-shooting/
10/27/2016,"Jacob Cole Kosky, Matthew Baker Jr",4,0,Henry Co.,GA,http://www.wtvm.com/story/33493920/multiple-people-shot-inside-henry-county-home;http://www.11alive.com/news/crime/5-arrested-in-henry-co-shooting-that-left-3-dead-1-critical/343027755;http://www.13wmaz.com/news/crime/fourth-victim-dies-in-henry-county-bonfire-shooting/343782174
10/28/2016,Unknown,0,4,Miami Gardens,FL,http://www.local10.com/news/crime/victim-posts-facebook-live-video-after-miami-gardens-shooting-;http://wsvn.com/news/local/4-people-shot-in-miami-gardens-gunmen-at-large/
10/28/2016,Unknown,0,6,Jackon,MS,http://www.wapt.com/article/six-people-shot-at-jsu-fraternity-block-party/7934194;http://www.nola.com/crime/index.ssf/2016/10/6_shot_at_fraternity_party_in.html
10/29/2016,Unknown,1,3,Dayton,OH,http://www.mydaytondailynews.com/news/news/local/3-people-reported-shot-on-cornell-drive-in-dayton/nszMJ/;http://wdtn.com/2016/10/29/victims-identified-in-two-deadly-overnight-shootings-in-dayton/
10/29/2016,Unknown,0,4,Riverside,CA,http://www.pe.com/articles/riverside-817173-condition-woman.html;http://myvalleynews.com/regional-news/four-people-shot-one-stabbed-riverside-party-commercial-building/
10/29/2016,Unknown,0,5,Los Angeles ,CA,http://abc7.com/news/2-shot-and-wounded-3-others-grazed-by-gunfire-at-party-in-south-la/1580411/
10/30/2016,"Bravon Freeman, another shooter (Victims included 14-yr-old boy who was killed)",2,4,Prince George's Co.,MD,http://wjla.com/news/local/police-teen-and-one-other-dead-four-in-critical-condition-after-shooting-in-pg-county;http://wtop.com/prince-georges-county/2016/10/police-25k-reward-for-info-on-capitol-heights-shooting/slide/1/;http://www.nbcwashington.com/news/local/Suspect-Arrested-in-Fatal-Shooting-of-2-Maryland-High-School-Students-Sources-Say-399494871.html
10/30/2016,Unknown,2,5,Newburgh,NY,http://6abc.com/news/2-teens-killed-in-ny-halloween-party-shooting/1580262/;http://www.wwaytv3.com/2016/10/30/5-hurt-in-deadly-halloween-party-shooting/
10/30/2016,Unknown,0,5,San Antonio,TX,http://www.kens5.com/news/crime/man-dressed-as-freddy-krueger-shoots-five-at-halloween-party/344306054;http://www.ksat.com/news/man-in-freddy-krueger-shoots-5-people-at-party
10/30/2016,Unknown,0,4,Toledo,OH,http://www.wtol.com/story/33515532/four-shot-after-halloween-party-at-underground-club;http://www.13abc.com/content/news/Neighborhood-leaders-call-for-an-end-to-violence-after-shooting-at-a-Toledo-after-hours-lounge-399249481.html
10/30/2016,Miguel Maldonado,0,4,New York (Manhattan),NY,https://www.dnainfo.com/new-york/20161031/lower-east-side/rutgers-street-shooting-police-looking-for-suspect;http://www.nydailynews.com/new-york/nyc-crime/suspect-shot-men-east-side-identified-ex-con-article-1.2852447
10/31/2016,Unknown,0,4,Shreveport,LA,http://www.shreveporttimes.com/story/news/crime/2016/10/31/four-injured-west-shreveport-shooting-following-brawl/93074240/;http://www.ksla.com/story/33518863/4-wounded-when-gunfire-erupts-during-large-fight
11/1/2016,Marcus Malone (teen girl killed & 5 others wounded in disagreement over cellphone),1,5,Memphis,TN,http://www.commercialappeal.com/story/news/crime/2016/11/01/memphis-police-investigate-park-shooting/93146754/;http://www.wpsdlocal6.com/story/33591459/teen-killed-5-others-injured-in-park-shooting;http://www.wmcactionnews5.com/story/33631149/17-year-old-charged-in-zodiac-park-shooting
11/2/2016,Unknown,1,4,Little Rock,AR,http://www.thv11.com/news/local/four-hurt-in-overnight-little-rock-shooting/346766941;http://www.arkansasonline.com/news/2016/nov/03/police-all-5-victims-little-rock-shooting-expected/;http://katv.com/news/local/1-man-dead-after-little-rock-shooting-on-bragg
11/3/2016,Darryl Benton-Harris - Victims included perpetrator's pregnant girlfriend & her teenage brother,3,2,Chicago,IL,http://chicago.suntimes.com/news/3-killed-1-critically-wounded-in-south-chicago-shooting-police/;http://www.chicagotribune.com/news/local/breaking/ct-man-seriously-wounded-in-shooting-on-west-side-20161102-story.html;http://homicides.suntimes.com/2016/11/12/man-charged-with-murder-of-pregnant-girlfriend-emoni-house-and-her-teen-brother-elijah/
11/3/2016,Unknown (victims included toddler who was killed),2,2,Orange,NJ,http://www.nj.com/essex/index.ssf/2016/11/victims_ided_in_shooting_that_killed_toddler_man.html;https://www.tapinto.net/towns/soma/sections/essex-county-news/articles/four-shot-two-fatally-in-orange
11/4/2016,Unknown,0,4,Philadelphia,PA,http://6abc.com/news/shooting-in-sw-philadelphia-leaves-4-people-wounded/1591360/;http://www.philly.com/philly/news/20161106_3_teens__believed_targeted__older_man_all_shot_outside_SW_Philly_bar.html
11/5/2016,Kehinde Riley,0,8,Oakland,CA,http://abc7news.com/news/10-injured-in-shooting-outside-downtown-oakland-nightclub/1591511/;http://www.nbcbayarea.com/news/local/Two-Suspects-Arrested-After-Shooting-Injures-Eight-in-Oakland-400117901.html
11/5/2016,Unknown,0,5,Chicago,IL,http://chicago.suntimes.com/news/5-wounded-in-uptown-shooting/;http://abc7chicago.com/news/4-killed-17-wounded-in-chicago-weekend-shootings/1591454/
11/5/2016,Cleavon Oneal Dantzler,0,5,Myrtle Beach,SC,http://www.myrtlebeachonline.com/news/local/crime/article112763558.html;http://www.postandcourier.com/news/injured-in-gang-related-myrtle-beach-nightclub-shooting/article_2420b854-a364-11e6-9ca1-f36fb02762c7.html;http://www.myrtlebeachonline.com/news/local/crime/article113081918.html
11/5/2016,Unknown,1,3,Fort Lauderdale,FL,http://www.local10.com/news/crime/1-dead-3-injured-in-shooting-at-club-54-in-lauderhill;http://www.miamiherald.com/news/local/community/broward/article112831618.html
11/5/2016,Unknown,0,4,San Antonio,TX,http://www.mysanantonio.com/news/local/crime/article/Possible-gang-related-shooting-wounds-4-on-the-10595465.php;http://www.ksat.com/news/four-shot-outside-of-ne-side-bar-1
11/8/2016,Unknown,2,2,Azusa,CA,http://abcnews.go.com/US/wireStory/dead-injured-shooting-voting-site-43396786;http://www.nbclosangeles.com/news/local/Azusa-Shooting-Investigation-400452821.html
11/9/2016,Unknown,0,4,Memphis,TN,http://www.localmemphis.com/news/local-news/four-people-shot-outside-club-on-brooks-road;http://www.cbsnews.com/news/michael-cwiklinski-pennsylvania-cop-shooting-suspect-threatened-to-kill-pregnant-wife-documents-say/
11/9/2016,Alrick Hollingsworth Jr.,0,5,Seattle,WA,http://www.seattletimes.com/seattle-news/crime/seattle-police-responding-to-reports-of-4-shot-downtown/;http://www.usatoday.com/story/news/nation/2016/11/10/shooting-downtown-seattle/93580746/;http://www.kiro7.com/news/local/5-people-shot-in-downtown-seattle/465797407
11/9/2016,Unknown,1,3,Chicago (West Garfield Park),IL,http://chicago.suntimes.com/news/4-shot-in-west-garfield-park/;http://www.chicagotribune.com/news/local/breaking/ct-chicago-shootings-violence-20161109-story.html;http://chicago.suntimes.com/news/man-dies-4-days-after-west-side-shooting-that-wounded-3-more/
11/10/2016,"Michael Cwiklinski - Victims included pregnant girlfriend (killed), 1 officer (killed), 1 officer (wounded) & the perpetrator (suicide)",4,1,Canonsburg,PA,http://www.nydailynews.com/news/national/2-pennsylvania-cops-shot-1-killed-ambush-attack-article-1.2867249;http://www.cbsnews.com/news/michael-cwiklinski-pennsylvania-cop-shooting-suspect-threatened-to-kill-pregnant-wife-documents-say/
11/10/2016,Michelle Stone - Victims included perpetrator's 3 young children; perpetrator committed suicide,4,0,Amarillo,TX,http://www.newschannel10.com/story/33683831/rv-fire-ruled-triple-homicidesuicide;http://www.beaumontenterprise.com/news/texas/article/Deaths-of-3-young-children-mother-seen-as-10610195.php
11/11/2016,Unknown,0,4,Houston,TX,http://www.khou.com/news/crime/4-wounded-in-shooting-outside-east-end-bar/350974996;http://abc13.com/news/bar-fight-leads-to-violent-shooting-in-se-houston/1601780/
11/12/2016,Unknown - Domestic-related shooting (1st mass shooting in Kansas City on this date),1,3,Kansas City,MO,http://www.kansascity.com/news/local/crime/article114441678.html;http://www.kshb.com/news/crime/one-dead-one-injured-after-kansas-city-shooting
11/12/2016,Unknown - Victims included infant who was wounded,1,5,Sacramento,CA,http://www.abc10.com/news/local/sacramento/several-injured-in-south-sacramento-house-shooting/351403297;http://www.kcra.com/article/drive-by-shooting-leaves-one-dead-multiple-injured-in-sac-county/8284335
11/12/2016,Unknown - all 5 victims victims were teenagers,0,5,Bridgeport,CT,http://www.courant.com/breaking-news/hc-bridgeport-five-shot-at-sweet-sixteen-party-1114-20161113-story.html;http://connecticut.news12.com/news/police-5-teens-injured-in-shooting-at-bridgeport-sweet-16-party-1.12611462
11/12/2016,Deandre Jackson - (2nd mass shooting in Kansas City on this date) - All 4 victims were women; perpetrator had been arguing with one woman earlier in day,1,3,Kansas City,MO,http://www.kansascity.com/news/local/crime/article114522498.html;http://fox4kc.com/2016/11/12/four-people-shot-one-killed-in-shooting-near-100th-and-richmond/;http://fox4kc.com/2016/11/15/raytown-man-charged-in-quadruple-shooting-near-21st-cleveland-that-left-one-woman-dead/
11/13/2016,Unknown - Victims included bystanders,1,3,Houston,TX,http://www.xxlmag.com/news/2016/11/mr-3-2-shot-and-killed/;http://hiphopwired.com/2016/11/12/rip-remembering-influential-houston-rapper-mr-3-2/;http://www.tv3.ie/xpose/article/entertainment-news/222737/Snoop-Dogg-honours-late-rapper-Mr-32-after-shooting
11/13/2016,Unknown,0,4,Orlando,FL,http://www.wftv.com/news/local/4-injured-in-orange-county-shooting/466776001;http://www.clickorlando.com/news/4-shot-in-orlando-neighborhood
11/13/2016,Unknown,0,4,San Antonio,TX,http://www.mysanantonio.com/news/local/crime/article/Police-search-for-suspects-in-overnight-shooting-10611431.php;http://www.ksat.com/news/four-shot-at-north-east-side-party-1
11/13/2016,Unknown - Victims included infant who was killed,3,2,Jacksonville,FL,http://www.firstcoastnews.com/news/crime/two-women-and-a-baby-killed-in-northwest-jacksoville-five-shot/351724923;http://www.click2houston.com/news/undetermined-death-on-cleveland-road
11/13/2016,"Juan Fernandez - Victims included wife, her parents & her grandfather; perpetrator was also killed",3,2,San Diego,CA,http://www.sandiegouniontribune.com/news/public-safety/sd-me-heights-folo-20161116-story.html;http://fox5sandiego.com/2016/11/13/1-dead-others-injured-in-city-heights-shooting/
11/17/2016,Unknown - Victims included 2-yr-old (wounded) & his mom (killed),1,7,Dyersburg,TN,http://www.kfvs12.com/story/33740868/seven-people-shot-one-killed-at-childs-birthday-party;http://wreg.com/2016/11/17/dyersburg-hospital-goes-into-lockdown/;http://wreg.com/2016/11/18/arrest-made-in-dyersburg-party-shooting/
11/17/2016,Lance Buckley - Victims included his wife & 2 young daughters; pepetrator killed self,4,0,Williamsburg,VA,http://www.richmond.com/news/virginia/article_c530afc6-fcae-5aad-8e5e-fa7a14d2f8f1.html;http://wtop.com/stafford-county/2016/11/officials-release-causes-of-death-in-virginia-murder-suicide/
11/18/2016,Unknown - Victims included 2 teen females,0,4,Chicago (North Austin),IL,http://chicago.suntimes.com/news/4-shot-in-north-austin/;http://chicago.cbslocal.com/2016/11/19/4-shot-in-north-austin/
11/22/2016,"Kyle Kurian - Victims included wife & two children, perpetrator shot himself",1,3,Los Angeles,CA,http://www.latimes.com/local/lanow/la-me-ln-south-la-shooting-20161122-story.html;http://ktla.com/2016/11/23/lapd-man-shot-wife-2-young-stepchildren-before-killing-himself-in-south-l-a/
11/22/2016,Unknown,1,4,Clewiston,FL,http://www.nbc-2.com/story/33783154/clewiston-shooting-leaves-1-dead-4-injured;http://www.news-press.com/story/news/crime/2016/11/23/one-killed-four-injured-clewiston-shooting/94356736/
11/23/2016,"Keatron Walls - Victims were all related, perpetrator was ex-boyfriend",0,4,DeSoto Co.,MS,http://www.wbrc.com/story/33785883/4-shot-in-desoto-county-shooter-in-custody;http://wreg.com/2016/11/23/4-shot-in-desoto-county/
11/24/2016,Unknown,1,3,Albany,NY,http://blog.timesunion.com/tablehopping/54123/one-dead-three-injured-in-albany-club-shooting/;http://www.lgbtqnation.com/2016/11/deadly-shooting-albany-n-y-gay-nightclub-leaves-3-wounded/
11/24/2016,Unknown,2,5,Louisville,KY,http://www.courier-journal.com/story/news/crime/2016/11/24/lmpd-responding-shootings-shawnee-park/94392280/;http://www.lex18.com/story/33789471/reports-multiple-people-shot-at-shawnee-park-in-louisville;http://www.cleveland19.com/story/33793395/update-victims-killed-in-shooting-incident-at-shawnee-park-identified-5-others-hurt
11/25/2016,Unknown,0,4,New Orleans,LA,http://www.theadvocate.com/new_orleans/news/crime_police/article_ea4c32b8-b360-11e6-bec0-8b6d9a699fc5.html;http://www.wdsu.com/article/nopd-at-least-four-shot-condition-unknown-in-central-city/8366253
11/25/2016,"McKay Hutton - Victims included perpetrator's mother, wife & baby girl; perpetrator killed himself",4,0,Fairbanks,AK,http://bnonews.com/news/index.php/news/id5476;http://www.tvtv.com/content/four-individuals-found-dead-gunshot-wounds-hampton-inn-hotel-room;http://gazette.com/the-latest-gunman-identified-in-murder-suicide-in-alaska/article/feed/425616
11/26/2016,Unknown,1,5,Chicago (South Chicago),IL,http://chicago.suntimes.com/news/6-shot-1-fatally-at-south-chicago-party/;http://abc7chicago.com/news/1-killed-5-wounded-in-south-chicago-shooting/1626319/;
11/27/2016,"Jordan Clay, Kavon Manuel ",1,9,New Orleans,LA,http://www.wdsu.com/article/nopd-investigates-shooting-involving-multiple-people-on-bourbon-street/8369078;http://www.nola.com/crime/index.ssf/2016/11/bourbon_street_shooting_new_or_1.html;http://www.wwltv.com/news/crime/nopd-arrests-second-bourbon-street-shooting-suspect/362227916
11/27/2016,Unknown,0,7,Kansas City,MO,http://www.dailyprogress.com/wounded-in-shooting-in-kansas-city/article_1476473e-ee90-5b13-8c07-1521bf92266a.html;http://www.kwch.com/content/news/7-wounded-in-shooting-in-Kansas-City-403231606.html
11/28/2016,Unknown,0,4,Wilmington,CA,http://ktla.com/2016/11/28/3-people-injured-in-wilmington-shooting-lapd/;http://www.latimes.com/local/lanow/la-me-ln-wilmington-shooting-20161128-story.html
11/28/2016,Raul Lopez - Victims were all co-employees of perpetrator,1,3,Palmview,TX,http://www.mysanantonio.com/news/local/article/Deadly-shooting-at-South-Texas-H-E-B-10639643.php?cmpid=twitter-mobile;http://www.brownsvilleherald.com/premium/article_f7769a00-b5ea-11e6-b911-63d2a267dc4d.html
11/28/2016,Unknown,0,4,Los Angeles (San Pedro),CA,http://abc7.com/news/4-wounded-in-san-pedro-shooting-police-say/1629869/;http://www.santacruzsentinel.com/general-news/20161129/4-wounded-including-teenage-boy-in-los-angeles-shooting
11/30/2016,Damon Dwight Alexander,2,4,Baltimore,MD,http://www.nydailynews.com/news/crime/people-shot-dead-baltimore-article-1.2893534;http://www.baltimoresun.com/news/maryland/crime/bs-md-ci-shootings-20161201-story.html;http://www.baltimoresun.com/news/maryland/crime/bs-md-ci-shooting-suspect-20161212-story.html
12/1/2016,"Ezekial Bravo Jr. - Victims included wife's parents, aunt & her 6-yr-old girl",1,3,Clearlake Oaks,CA,http://www.pressdemocrat.com/news/6380198-181/suspect-arrested-in-fatal-shooting;http://www.lakeconews.com/index.php?option=com_content&view=article&id=48840:effort-under-way-to-help-family-devastated-by-clearlake-oaks-shooting&catid=1:latest&Itemid=197
12/2/2016,Unknown,0,5,Bloomfield,NJ,http://www.nj.com/essex/index.ssf/2016/12/gunmen_shoot_up_bloomfield_bar_injuring_5_police_s.html;http://nj1015.com/gunmen-shoot-up-party-at-north-jersey-bar-5-people-hospitalized/
12/3/2016,Unknown,0,5,Los Angeles,CA,http://ktla.com/2016/12/03/5-injured-after-suspect-opens-fire-at-wake-in-south-l-a/;http://www.cbsnews.com/news/south-los-angeles-shooting-6-people-shot/;http://laist.com/2016/12/04/91st.php
12/4/2016,Unknown,1,3,Elkhart,IN,http://www.wpta21.com/story/33862745/1-killed-in-shooting-involving-northern-indiana-officers;http://www.wndu.com/content/news/BREAKING-Shooting-reported-in-Elkhart-404577515.html
12/5/2016,Daniel Wechsler - Victims included girlfriend (critically wounded) & her 3 young children (all killed); perpetrator killed himself,4,1,Albuquerque,NM,http://www.koat.com/article/police-on-scene-of-possible-shooting-in-se-albuquerque/8468454;http://krqe.com/2016/12/06/police-confirm-3-children-killed-in-southeast-albuquerque-shooting-mother-in-critical-condition/
12/9/2016,Unknown,0,4,Fresno,CA,http://www.yourcentralvalley.com/news/fresno-police-investigate-quadruple-shooting/617695406;http://abc30.com/news/4-people-shot-at-memorial-service-in-southwest-fresno/1648650/
12/9/2016,Unknown,4,0,Channelview,TX,http://www.click2houston.com/news/bodies-found-in-burning-car-in-channelview;http://www.khou.com/news/four-bodies-found-in-burned-car-in-channelview/367479685
12/11/2016,Unknown,0,5,Baltimore,MD,https://www.washingtonpost.com/local/police-man-fires-indiscriminately-into-md-bar-shoots-5/2016/12/11/3e45fe7e-bfc5-11e6-a52b-a0a126eaf9f7_story.html?utm_term=.78963c38527d;http://www.baltimoresun.com/news/maryland/crime/bs-md-ci-bar-shooting-20161211-story.html
12/11/2016,Unknown,1,4,Orlando (Pine Hills),FL,http://www.orlandosentinel.com/news/breaking-news/os-man-killed-four-hurt-pine-hills-20161212-story.html;http://www.wesh.com/article/5-hurt-in-pine-hills-shooting/8489843
12/11/2016,Unknown,0,4,New York (Brooklyn),NY,http://patch.com/new-york/bushwick/4-men-shot-sunday-after-fight-breaks-out-bushwick-storefront;http://abc7ny.com/news/7-people-shot-in-just-over-one-hour-in-bronx-and-brooklyn/1651542/
12/11/2016,Unknown,0,4,Rocky Mount,NC ,http://www.rockymounttelegram.com/Police/2016/12/13/Four-men-wounded-in-shooting.html
12/12/2016,"Unknown, victims included 15-yr-old girl, ex-boyfriend is suspected perpetrator",0,4,Sacramento,CA,http://www.sacbee.com/news/local/crime/article120549268.html;http://www.kcra.com/article/multiple-people-hurt-in-north-highlands-shooting/8494256
12/16/2016,"Unknown, domestic violence shooting",2,2,Charlotte,NC ,http://www.charlotteobserver.com/news/local/article121264973.html;http://www.wsoctv.com/news/local/1-dies-in-east-charlotte-shooting-officials-say/476343615
12/16/2016,Unknown,0,4,Chicago (North Lawndale),IL,http://chicago.suntimes.com/news/4-people-injured-in-humboldt-park-shooting/;http://www.chicagotribune.com/news/local/breaking/ct-person-fatally-shot-in-south-austin-neighborhood-on-west-side-20161216-story.html
12/16/2016,Unknown,2,2,Chicago (Brighton Park),IL,http://abc7chicago.com/news/4-shot-2-dead-in-brighton-park-/1660701/;http://chicago.suntimes.com/news/police-1-dead-2-wounded-after-brighton-park-shoting/
12/17/2016,"Unknown, domestic violence shooting, victims included pregnant woman",5,0,Chicago (Fernwood),IL,http://www.fox32chicago.com/news/crime/woman-dies-10-months-after-roseland-shooting-that-killed-four-others;http://abc7chicago.com/news/at-least-5-wounded-4-fatally-in-far-south-side-shooting/1661373/
12/17/2016,"Unknown, 4 victims were all between 14 & 16",0,4,Charlotte,NC ,http://www.wbtv.com/story/34082037/four-teens-shot-outside-charlotte-nightclub-two-people-arrested;http://www.wsoctv.com/news/local/4-shot-2-in-critical-condition-after-report-of-shots-fired-on-n-tryon-street-officials-say/476922908
12/23/2016,Unknown,1,3,Birmingham,AL,http://wiat.com/2016/12/23/one-woman-dead-after-early-morning-shooting-others-taken-to-the-hospital/;http://www.kfvs12.com/story/34120291/4-shot-at-birmingham-lounge
12/23/2016,"Unknown, victims were all teens",0,4,Chicago (Austin),IL,http://abc7chicago.com/news/4-wounded-in-drive-by-shooting-in-austin/1671248/;http://www.chicagotribune.com/news/local/breaking/ct-man-seriously-wounded-in-shooting-in-chicago-lawn-20161223-story.html
12/24/2016,Unknown,0,7,Rockingham Co.,NC ,http://www.wfmynews2.com/news/local/six-shot-at-rockingham-county-party/377623246;http://www.greensboro.com/news/seventh-victim-located-in-this-morning-s-madison-shooting/article_d621773e-190d-570c-8edb-5a8613f25936.html
12/24/2016,Unknown,4,0,Wilson Co.,NC ,http://wnct.com/2016/12/24/at-least-one-dead-in-shooting-in-wilson-county/;http://wncn.com/2016/12/24/at-least-1-wounded-in-shooting-just-outside-wilson/
12/25/2016,Unknown,1,5,Mount Vernon,NY,http://westchester.news12.com/news/at-least-1-killed-in-mount-vernon-nightclub-shooting-1.12804527;http://newyork.cbslocal.com/2016/12/26/mount-vernon-nightclub-shooting-suspect/
12/25/2016,Unknown,2,5,Chicago (East Chatham),IL,https://www.dnainfo.com/chicago/20161226/chatham/james-gill-roy-killed-chatham-shooting-christmas-party;http://chicago.suntimes.com/politics/police-5-wounded-2-dead-in-east-chatham-shooting/
12/27/2016,Roydricus McCray,0,4,Ozark,AL,http://chicago.suntimes.com/politics/police-5-wounded-2-dead-in-east-chatham-shooting/;http://www.wtvm.com/story/34137756/four-people-shot-at-hotel-in-ozark-louisville-man-charged
12/28/2016,Unknown - Victims included 8-yr-old boy (killed) and juvenile girl (wounded),1,3,Dania Beach,FL,http://www.nbcmiami.com/news/local/Child-2-Adults-Injured-in-Dania-Beach-Shooting-408564435.html;http://www.ibtimes.com/who-rashid-cunningham-third-grader-killed-south-florida-while-walking-home-birthday-2466933
12/28/2016,Unknown,1,4,Columbus,GA,http://www.ledger-enquirer.com/news/local/crime/article123505399.html;http://www.wtvm.com/story/34144260/1-killed-at-least-3-injured-in-columbus-shooting-on-10th-st
12/30/2016,"Unknown - domestic-related shooting, victims included teenage boy (killed)",2,2,Montgomery,AL,http://www.wsfa.com/story/34153416/update-2-dead-2-injured-after-domestic-shooting-in-montgomery;http://www.al.com/news/index.ssf/2016/12/2_dead_2_injured_in_domestic-r.html
12/30/2016,Unknown - Victims were all teenagers,0,5,Mansfield,OH,http://www.wkyc.com/news/local/ohio/5-people-shot-at-mansfield-spruce-hill-inn/380560385;http://wdtn.com/2016/12/30/5-teens-shot-at-mansfield-hotel-overnight/
12/30/2016,Unknown,2,2,Wallingford,CT,http://abcnews.go.com/US/dead-injured-shooting-rapper-meek-mill-concert-connecticut/story?id=44483533;http://www.wbal.com/article/211426/110/two-dead-two-injured-in-shooting-outside-rapper-meek-mill-concert-in-connecticut
12/31/2016,Unknown,1,3,Houston,TX,http://www.chron.com/news/houston-texas/article/One-dead-two-wounded-after-midtown-club-brawl-10828323.php;http://www.click2houston.com/news/1-dead-2-injured-after-triple-shooting-in-nightclub-parking-lot
12/31/2016,Unknown ,2,2,Tift Co.,GA,http://www.wmcactionnews5.com/story/34162310/gbi-identifies-victims-in-tift-co-death-investigation;http://www.tiftongazette.com/news/two-dead-two-injured-in-saturday-shooting/article_2100dc4c-d07f-11e6-8580-e319e5b3a4e4.html